-20	1.04941e-44	1.04941e-44
-19.799	7.75379e-44	7.75379e-44
-19.598	5.61445e-43	5.61445e-43
-19.397	3.98408e-42	3.98408e-42
-19.196	2.7706e-41	2.7706e-41
-18.995	1.8882e-40	1.8882e-40
-18.794	1.2611e-39	1.2611e-39
-18.593	8.25419e-39	8.25419e-39
-18.392	5.29453e-38	5.29453e-38
-18.191	3.32819e-37	3.32819e-37
-17.9899	2.05028e-36	2.05028e-36
-17.7889	1.23779e-35	1.23779e-35
-17.5879	7.3233e-35	7.3233e-35
-17.3869	4.24612e-34	4.24612e-34
-17.1859	2.41271e-33	2.41271e-33
-16.9849	1.34352e-32	1.34352e-32
-16.7839	7.3318e-32	7.3318e-32
-16.5829	3.92106e-31	3.92106e-31
-16.3819	2.05505e-30	2.05505e-30
-16.1809	1.05552e-29	1.05552e-29
-15.9799	5.31301e-29	5.31301e-29
-15.7789	2.62083e-28	2.62083e-28
-15.5779	1.26697e-27	1.26697e-27
-15.3769	6.00229e-27	6.00229e-27
-15.1759	2.78674e-26	2.78674e-26
-14.9749	1.26795e-25	1.26795e-25
-14.7739	5.65371e-25	5.65371e-25
-14.5729	2.47054e-24	2.47054e-24
-14.3719	1.05798e-23	1.05798e-23
-14.1709	4.44006e-23	4.44006e-23
-13.9698	1.82611e-22	1.82611e-22
-13.7688	7.36024e-22	7.36024e-22
-13.5678	2.90726e-21	2.90726e-21
-13.3668	1.12539e-20	1.12539e-20
-13.1658	4.2692e-20	4.2692e-20
-12.9648	1.58715e-19	1.58715e-19
-12.7638	5.78249e-19	5.78249e-19
-12.5628	2.06462e-18	2.06462e-18
-12.3618	7.22422e-18	7.22422e-18
-12.1608	2.47724e-17	2.47724e-17
-11.9598	8.32478e-17	8.32478e-17
-11.7588	2.7416e-16	2.7416e-16
-11.5578	8.84832e-16	8.84832e-16
-11.3568	2.79863e-15	2.79863e-15
-11.1558	8.67472e-15	8.67472e-15
-10.9548	2.63507e-14	2.63507e-14
-10.7538	7.84435e-14	7.84435e-14
-10.5528	2.28848e-13	2.28848e-13
-10.3518	6.54281e-13	6.54281e-13
-10.1508	1.83319e-12	1.83319e-12
-9.94975	5.03359e-12	5.03359e-12
-9.74874	1.35449e-11	1.35449e-11
-9.54774	3.57189e-11	3.57189e-11
-9.34673	9.23099e-11	9.23099e-11
-9.14573	2.33789e-10	2.33789e-10
-8.94472	5.80267e-10	5.80267e-10
-8.74372	1.41143e-09	1.41143e-09
-8.54271	3.36445e-09	3.36445e-09
-8.34171	7.85954e-09	7.85954e-09
-8.1407	1.79931e-08	1.79931e-08
-7.9397	4.03685e-08	4.03685e-08
-7.73869	8.87576e-08	8.87576e-08
-7.53769	1.91247e-07	1.91247e-07
-7.33668	4.03842e-07	4.03842e-07
-7.13568	8.35706e-07	8.35706e-07
-6.93467	1.69482e-06	1.69482e-06
-6.73367	3.36836e-06	3.36836e-06
-6.53266	6.56056e-06	6.56056e-06
-6.33166	1.25225e-05	1.25225e-05
-6.13065	2.34242e-05	2.34242e-05
-5.92965	4.29405e-05	4.29405e-05
-5.72864	7.71429e-05	7.71429e-05
-5.52764	0.000135816	0.000135816
-5.32663	0.000234333	0.000234333
-5.12563	0.000396225	0.000396225
-4.92462	0.000656564	0.000656564
-4.72362	0.0010662	0.0010662
-4.52261	0.00169679	0.00169679
-4.32161	0.00264632	0.00264632
-4.1206	0.00404467	0.00404467
-3.9196	0.00605831	0.00605831
-3.71859	0.00889296	0.00889296
-3.51759	0.0127929	0.0127929
-3.31658	0.018035	0.018035
-3.11558	0.0249167	0.0249167
-2.91457	0.0337358	0.0337358
-2.71357	0.0447629	0.0447629
-2.51256	0.0582067	0.0582067
-2.31156	0.0741743	0.0741743
-2.11055	0.092632	0.092632
-1.90955	0.113369	0.113369
-1.70854	0.135974	0.135974
-1.50754	0.159824	0.159824
-1.30653	0.184101	0.184101
-1.10553	0.207825	0.207825
-0.904523	0.229913	0.229913
-0.703518	0.249263	0.249263
-0.502513	0.264837	0.264837
-0.301508	0.275756	0.275756
-0.100503	0.281383	0.281383
0.100503	0.281383	0.281383
0.301508	0.275756	0.275756
0.502513	0.264837	0.264837
0.703518	0.249263	0.249263
0.904523	0.229913	0.229913
1.10553	0.207825	0.207825
1.30653	0.184101	0.184101
1.50754	0.159824	0.159824
1.70854	0.135974	0.135974
1.90955	0.113369	0.113369
2.11055	0.092632	0.092632
2.31156	0.0741743	0.0741743
2.51256	0.0582067	0.0582067
2.71357	0.0447629	0.0447629
2.91457	0.0337358	0.0337358
3.11558	0.0249167	0.0249167
3.31658	0.018035	0.018035
3.51759	0.0127929	0.0127929
3.71859	0.00889296	0.00889296
3.9196	0.00605831	0.00605831
4.1206	0.00404467	0.00404467
4.32161	0.00264632	0.00264632
4.52261	0.00169679	0.00169679
4.72362	0.0010662	0.0010662
4.92462	0.000656564	0.000656564
5.12563	0.000396225	0.000396225
5.32663	0.000234333	0.000234333
5.52764	0.000135816	0.000135816
5.72864	7.71429e-05	7.71429e-05
5.92965	4.29405e-05	4.29405e-05
6.13065	2.34242e-05	2.34242e-05
6.33166	1.25225e-05	1.25225e-05
6.53266	6.56056e-06	6.56056e-06
6.73367	3.36836e-06	3.36836e-06
6.93467	1.69482e-06	1.69482e-06
7.13568	8.35706e-07	8.35706e-07
7.33668	4.03842e-07	4.03842e-07
7.53769	1.91247e-07	1.91247e-07
7.73869	8.87576e-08	8.87576e-08
7.9397	4.03685e-08	4.03685e-08
8.1407	1.79931e-08	1.79931e-08
8.34171	7.85954e-09	7.85954e-09
8.54271	3.36445e-09	3.36445e-09
8.74372	1.41143e-09	1.41143e-09
8.94472	5.80267e-10	5.80267e-10
9.14573	2.33789e-10	2.33789e-10
9.34673	9.23099e-11	9.23099e-11
9.54774	3.57189e-11	3.57189e-11
9.74874	1.35449e-11	1.35449e-11
9.94975	5.03359e-12	5.03359e-12
10.1508	1.83319e-12	1.83319e-12
10.3518	6.54281e-13	6.54281e-13
10.5528	2.28848e-13	2.28848e-13
10.7538	7.84435e-14	7.84435e-14
10.9548	2.63507e-14	2.63507e-14
11.1558	8.67472e-15	8.67472e-15
11.3568	2.79863e-15	2.79863e-15
11.5578	8.84832e-16	8.84832e-16
11.7588	2.7416e-16	2.7416e-16
11.9598	8.32478e-17	8.32478e-17
12.1608	2.47724e-17	2.47724e-17
12.3618	7.22422e-18	7.22422e-18
12.5628	2.06462e-18	2.06462e-18
12.7638	5.78249e-19	5.78249e-19
12.9648	1.58715e-19	1.58715e-19
13.1658	4.2692e-20	4.2692e-20
13.3668	1.12539e-20	1.12539e-20
13.5678	2.90726e-21	2.90726e-21
13.7688	7.36024e-22	7.36024e-22
13.9698	1.82611e-22	1.82611e-22
14.1709	4.44006e-23	4.44006e-23
14.3719	1.05798e-23	1.05798e-23
14.5729	2.47054e-24	2.47054e-24
14.7739	5.65371e-25	5.65371e-25
14.9749	1.26795e-25	1.26795e-25
15.1759	2.78674e-26	2.78674e-26
15.3769	6.00229e-27	6.00229e-27
15.5779	1.26697e-27	1.26697e-27
15.7789	2.62083e-28	2.62083e-28
15.9799	5.31301e-29	5.31301e-29
16.1809	1.05552e-29	1.05552e-29
16.3819	2.05505e-30	2.05505e-30
16.5829	3.92106e-31	3.92106e-31
16.7839	7.3318e-32	7.3318e-32
16.9849	1.34352e-32	1.34352e-32
17.1859	2.41271e-33	2.41271e-33
17.3869	4.24612e-34	4.24612e-34
17.5879	7.3233e-35	7.3233e-35
17.7889	1.23779e-35	1.23779e-35
17.9899	2.05028e-36	2.05028e-36
18.191	3.32819e-37	3.32819e-37
18.392	5.29453e-38	5.29453e-38
18.593	8.25419e-39	8.25419e-39
18.794	1.2611e-39	1.2611e-39
18.995	1.8882e-40	1.8882e-40
19.196	2.7706e-41	2.7706e-41
19.397	3.98408e-42	3.98408e-42
19.598	5.61445e-43	5.61445e-43
19.799	7.75379e-44	7.75379e-44
20	1.04941e-44	1.04941e-44
