-20	8.95476e-17	2.51455e-32
-19.799	1.96046e-16	1.04707e-31
-19.598	3.39644e-16	4.29767e-31
-19.397	5.47481e-16	1.73873e-30
-19.196	8.58801e-16	6.93387e-30
-18.995	1.33233e-15	2.72559e-29
-18.794	2.0573e-15	1.05606e-28
-18.593	3.1702e-15	4.03326e-28
-18.392	4.88035e-15	1.51833e-27
-18.191	7.50908e-15	5.63406e-27
-17.9899	1.15498e-14	2.06071e-26
-17.7889	1.77603e-14	7.42943e-26
-17.5879	2.73037e-14	2.64019e-25
-17.3869	4.19656e-14	9.24823e-25
-17.1859	6.44864e-14	3.19318e-24
-16.9849	9.90697e-14	1.08675e-23
-16.7839	1.52164e-13	3.6457e-23
-16.5829	2.33654e-13	1.20551e-22
-16.3819	3.58696e-13	3.92922e-22
-16.1809	5.50511e-13	1.26236e-21
-15.9799	8.44673e-13	3.99762e-21
-15.7789	1.29566e-12	1.24785e-20
-15.5779	1.98685e-12	3.83942e-20
-15.3769	3.04588e-12	1.16442e-19
-15.1759	4.66793e-12	3.48096e-19
-14.9749	7.15151e-12	1.02572e-18
-14.7739	1.09528e-11	2.97921e-18
-14.5729	1.6769e-11	8.52934e-18
-14.3719	2.56643e-11	2.40698e-17
-14.1709	3.92638e-11	6.69532e-17
-13.9698	6.00465e-11	1.83575e-16
-13.7688	9.17926e-11	4.96131e-16
-13.5678	1.40264e-10	1.32167e-15
-13.3668	2.14237e-10	3.47048e-15
-13.1658	3.27075e-10	8.98256e-15
-12.9648	4.99105e-10	2.29167e-14
-12.7638	7.61239e-10	5.76299e-14
-12.5628	1.16045e-09	1.42852e-13
-12.3618	1.76804e-09	3.49031e-13
-12.1608	2.69223e-09	8.40594e-13
-11.9598	4.09707e-09	1.99549e-12
-11.7588	6.23103e-09	4.66935e-12
-11.5578	9.47021e-09	1.07697e-11
-11.3568	1.43832e-08	2.44847e-11
-11.1558	2.1829e-08	5.48692e-11
-10.9548	3.31035e-08	1.212e-10
-10.7538	5.016e-08	2.63889e-10
-10.5528	7.59386e-08	5.66345e-10
-10.3518	1.14859e-07	1.19807e-09
-10.1508	1.73557e-07	2.4982e-09
-9.94975	2.61976e-07	5.13469e-09
-9.74874	3.94998e-07	1.04026e-08
-9.54774	5.94851e-07	2.07737e-08
-9.34673	8.94669e-07	4.0891e-08
-9.14573	1.34374e-06	7.93385e-08
-8.94472	2.01523e-06	1.51734e-07
-8.74372	3.01739e-06	2.86037e-07
-8.54271	4.51006e-06	5.31502e-07
-8.34171	6.72837e-06	9.73485e-07
-8.1407	1.00171e-05	1.7575e-06
-7.9397	1.48799e-05	3.12756e-06
-7.73869	2.2049e-05	5.48602e-06
-7.53769	3.25845e-05	9.4853e-06
-7.33668	4.80124e-05	1.61654e-05
-7.13568	7.05166e-05	2.7156e-05
-6.93467	0.000103203	4.49662e-05
-6.73367	0.000150453	7.33921e-05
-6.53266	0.000218406	0.000118074
-6.33166	0.000315576	0.000187241
-6.13065	0.000453669	0.000292679
-5.92965	0.000648595	0.000450945
-5.72864	0.000921727	0.000684854
-5.52764	0.00130141	0.00102521
-5.32663	0.0018247	0.00151277
-5.12563	0.00253929	0.00220026
-4.92462	0.00350551	0.0031544
-4.72362	0.0047983	0.00445762
-4.52261	0.00650872	0.00620913
-4.32161	0.00874499	0.00852513
-4.1206	0.0116323	0.0115375
-3.9196	0.015311	0.015391
-3.71859	0.0199334	0.0202379
-3.51759	0.025657	0.0262304
-3.31658	0.0326361	0.0335109
-3.11558	0.0410099	0.0421997
-2.91457	0.0508883	0.0523812
-2.71357	0.0623359	0.064089
-2.51256	0.0753552	0.0772919
-2.31156	0.0898705	0.0918813
-2.11055	0.105715	0.107662
-1.90955	0.12262	0.124348
-1.70854	0.140219	0.141566
-1.50754	0.158046	0.158862
-1.30653	0.175558	0.175721
-1.10553	0.192155	0.191589
-0.904523	0.207218	0.205902
-0.703518	0.220141	0.218118
-0.502513	0.230376	0.227753
-0.301508	0.23747	0.234412
-0.100503	0.241101	0.237814
0.100503	0.241101	0.237814
0.301508	0.23747	0.234412
0.502513	0.230376	0.227753
0.703518	0.220141	0.218118
0.904523	0.207218	0.205902
1.10553	0.192155	0.191589
1.30653	0.175558	0.175721
1.50754	0.158046	0.158862
1.70854	0.140219	0.141566
1.90955	0.12262	0.124348
2.11055	0.105715	0.107662
2.31156	0.0898705	0.0918813
2.51256	0.0753552	0.0772919
2.71357	0.0623359	0.064089
2.91457	0.0508883	0.0523812
3.11558	0.0410099	0.0421997
3.31658	0.0326361	0.0335109
3.51759	0.025657	0.0262304
3.71859	0.0199334	0.0202379
3.9196	0.015311	0.015391
4.1206	0.0116323	0.0115375
4.32161	0.00874499	0.00852513
4.52261	0.00650872	0.00620913
4.72362	0.0047983	0.00445762
4.92462	0.00350551	0.0031544
5.12563	0.00253929	0.00220026
5.32663	0.0018247	0.00151277
5.52764	0.00130141	0.00102521
5.72864	0.000921727	0.000684854
5.92965	0.000648595	0.000450945
6.13065	0.000453669	0.000292679
6.33166	0.000315576	0.000187241
6.53266	0.000218406	0.000118074
6.73367	0.000150453	7.33921e-05
6.93467	0.000103203	4.49662e-05
7.13568	7.05166e-05	2.7156e-05
7.33668	4.80124e-05	1.61654e-05
7.53769	3.25845e-05	9.4853e-06
7.73869	2.2049e-05	5.48602e-06
7.9397	1.48799e-05	3.12756e-06
8.1407	1.00171e-05	1.7575e-06
8.34171	6.72837e-06	9.73485e-07
8.54271	4.51006e-06	5.31502e-07
8.74372	3.01739e-06	2.86037e-07
8.94472	2.01523e-06	1.51734e-07
9.14573	1.34374e-06	7.93385e-08
9.34673	8.94669e-07	4.0891e-08
9.54774	5.94851e-07	2.07737e-08
9.74874	3.94998e-07	1.04026e-08
9.94975	2.61976e-07	5.13469e-09
10.1508	1.73557e-07	2.4982e-09
10.3518	1.14859e-07	1.19807e-09
10.5528	7.59386e-08	5.66345e-10
10.7538	5.016e-08	2.63889e-10
10.9548	3.31035e-08	1.212e-10
11.1558	2.1829e-08	5.48692e-11
11.3568	1.43832e-08	2.44847e-11
11.5578	9.47021e-09	1.07697e-11
11.7588	6.23103e-09	4.66935e-12
11.9598	4.09707e-09	1.99549e-12
12.1608	2.69223e-09	8.40594e-13
12.3618	1.76804e-09	3.49031e-13
12.5628	1.16045e-09	1.42852e-13
12.7638	7.61239e-10	5.76299e-14
12.9648	4.99105e-10	2.29167e-14
13.1658	3.27075e-10	8.98256e-15
13.3668	2.14237e-10	3.47048e-15
13.5678	1.40264e-10	1.32167e-15
13.7688	9.17926e-11	4.96131e-16
13.9698	6.00465e-11	1.83575e-16
14.1709	3.92638e-11	6.69532e-17
14.3719	2.56643e-11	2.40698e-17
14.5729	1.6769e-11	8.52934e-18
14.7739	1.09528e-11	2.97921e-18
14.9749	7.15151e-12	1.02572e-18
15.1759	4.66793e-12	3.48096e-19
15.3769	3.04588e-12	1.16442e-19
15.5779	1.98685e-12	3.83942e-20
15.7789	1.29566e-12	1.24785e-20
15.9799	8.44673e-13	3.99762e-21
16.1809	5.50511e-13	1.26236e-21
16.3819	3.58696e-13	3.92922e-22
16.5829	2.33654e-13	1.20551e-22
16.7839	1.52164e-13	3.6457e-23
16.9849	9.90697e-14	1.08675e-23
17.1859	6.44864e-14	3.19318e-24
17.3869	4.19656e-14	9.24823e-25
17.5879	2.73037e-14	2.64019e-25
17.7889	1.77603e-14	7.42943e-26
17.9899	1.15498e-14	2.06071e-26
18.191	7.50908e-15	5.63406e-27
18.392	4.88035e-15	1.51833e-27
18.593	3.1702e-15	4.03326e-28
18.794	2.0573e-15	1.05606e-28
18.995	1.33233e-15	2.72559e-29
19.196	8.58801e-16	6.93387e-30
19.397	5.47481e-16	1.73873e-30
19.598	3.39644e-16	4.29767e-31
19.799	1.96046e-16	1.04707e-31
20	8.95476e-17	2.51455e-32
