-20	3.56416e-09	2.81143e-10
-19.799	7.39246e-09	4.18741e-10
-19.598	1.1767e-08	6.21177e-10
-19.397	1.7007e-08	9.17779e-10
-19.196	2.349e-08	1.35056e-09
-18.995	3.1677e-08	1.97943e-09
-18.794	4.21418e-08	2.88948e-09
-18.593	5.56083e-08	4.20099e-09
-18.392	7.29949e-08	6.08326e-09
-18.191	9.54719e-08	8.7735e-09
-17.9899	1.24532e-07	1.26026e-08
-17.7889	1.62077e-07	1.80303e-08
-17.5879	2.10534e-07	2.56919e-08
-17.3869	2.7299e-07	3.64622e-08
-17.1859	3.53367e-07	5.15396e-08
-16.9849	4.56641e-07	7.25591e-08
-16.7839	5.89109e-07	1.01741e-07
-16.5829	7.5873e-07	1.42086e-07
-16.3819	9.75536e-07	1.97632e-07
-16.1809	1.25215e-06	2.7379e-07
-15.9799	1.6044e-06	3.77772e-07
-15.7789	2.05215e-06	5.19153e-07
-15.5779	2.62016e-06	7.10579e-07
-15.3769	3.33935e-06	9.68683e-07
-15.1759	4.24814e-06	1.31523e-06
-14.9749	5.39418e-06	1.7786e-06
-14.7739	6.83645e-06	2.39554e-06
-14.5729	8.64773e-06	3.21353e-06
-14.3719	1.09176e-05	4.29352e-06
-14.1709	1.3756e-05	5.71344e-06
-13.9698	1.72976e-05	7.5724e-06
-13.7688	2.17067e-05	9.99589e-06
-13.5678	2.71834e-05	1.3142e-05
-13.3668	3.39704e-05	1.7209e-05
-13.1658	4.23614e-05	2.2444e-05
-12.9648	5.2711e-05	2.9154e-05
-12.7638	6.54451e-05	3.77179e-05
-12.5628	8.10744e-05	4.86015e-05
-12.3618	0.000100209	6.23741e-05
-12.1608	0.000123576	7.97281e-05
-11.9598	0.000152035	0.000101501
-11.7588	0.000186607	0.000128701
-11.5578	0.00022849	0.000162535
-11.3568	0.000279091	0.000204439
-11.1558	0.000340056	0.000256113
-10.9548	0.000413298	0.00031956
-10.7538	0.000501035	0.000397124
-10.5528	0.000605828	0.000491532
-10.3518	0.000730618	0.00060594
-10.1508	0.000878767	0.000743978
-9.94975	0.0010541	0.000909794
-9.74874	0.00126096	0.0011081
-9.54774	0.00150423	0.0013442
-9.34673	0.00178937	0.00162407
-9.14573	0.00212247	0.00195433
-8.94472	0.0025103	0.0023423
-8.74372	0.00296027	0.00279601
-8.54271	0.00348049	0.00332421
-8.34171	0.00407979	0.00393631
-8.1407	0.00476765	0.00464241
-7.9397	0.00555421	0.00545317
-7.73869	0.00645022	0.00637981
-7.53769	0.00746693	0.00743394
-7.33668	0.00861604	0.00862744
-7.13568	0.00990953	0.00997235
-6.93467	0.0113596	0.0114806
-6.73367	0.0129782	0.0131639
-6.53266	0.0147773	0.0150334
-6.33166	0.0167682	0.0170995
-6.13065	0.0189613	0.0193714
-5.92965	0.0213661	0.021857
-5.72864	0.0239906	0.0245625
-5.52764	0.0268411	0.027492
-5.32663	0.0299214	0.0306474
-5.12563	0.0332334	0.0340277
-4.92462	0.0367755	0.0376291
-4.72362	0.0405434	0.0414446
-4.52261	0.044529	0.0454636
-4.32161	0.0487207	0.049672
-4.1206	0.0531026	0.0540521
-3.9196	0.0576549	0.0585822
-3.71859	0.0623536	0.063237
-3.51759	0.0671704	0.0679875
-3.31658	0.0720731	0.0728013
-3.11558	0.0770255	0.0776429
-2.91457	0.0819881	0.0824739
-2.71357	0.0869183	0.0872537
-2.51256	0.091771	0.0919397
-2.31156	0.096499	0.0964884
-2.11055	0.101054	0.100855
-1.90955	0.105389	0.104997
-1.70854	0.109454	0.108869
-1.50754	0.113204	0.112431
-1.30653	0.116593	0.115643
-1.10553	0.119583	0.118469
-0.904523	0.122134	0.120877
-0.703518	0.124216	0.122838
-0.502513	0.125801	0.12433
-0.301508	0.12687	0.125335
-0.100503	0.127407	0.12584
0.100503	0.127407	0.12584
0.301508	0.12687	0.125335
0.502513	0.125801	0.12433
0.703518	0.124216	0.122838
0.904523	0.122134	0.120877
1.10553	0.119583	0.118469
1.30653	0.116593	0.115643
1.50754	0.113204	0.112431
1.70854	0.109454	0.108869
1.90955	0.105389	0.104997
2.11055	0.101054	0.100855
2.31156	0.096499	0.0964884
2.51256	0.091771	0.0919397
2.71357	0.0869183	0.0872537
2.91457	0.0819881	0.0824739
3.11558	0.0770255	0.0776429
3.31658	0.0720731	0.0728013
3.51759	0.0671704	0.0679875
3.71859	0.0623536	0.063237
3.9196	0.0576549	0.0585822
4.1206	0.0531026	0.0540521
4.32161	0.0487207	0.049672
4.52261	0.044529	0.0454636
4.72362	0.0405434	0.0414446
4.92462	0.0367755	0.0376291
5.12563	0.0332334	0.0340277
5.32663	0.0299214	0.0306474
5.52764	0.0268411	0.027492
5.72864	0.0239906	0.0245625
5.92965	0.0213661	0.021857
6.13065	0.0189613	0.0193714
6.33166	0.0167682	0.0170995
6.53266	0.0147773	0.0150334
6.73367	0.0129782	0.0131639
6.93467	0.0113596	0.0114806
7.13568	0.00990953	0.00997235
7.33668	0.00861604	0.00862744
7.53769	0.00746693	0.00743394
7.73869	0.00645022	0.00637981
7.9397	0.00555421	0.00545317
8.1407	0.00476765	0.00464241
8.34171	0.00407979	0.00393631
8.54271	0.00348049	0.00332421
8.74372	0.00296027	0.00279601
8.94472	0.0025103	0.0023423
9.14573	0.00212247	0.00195433
9.34673	0.00178937	0.00162407
9.54774	0.00150423	0.0013442
9.74874	0.00126096	0.0011081
9.94975	0.0010541	0.000909794
10.1508	0.000878767	0.000743978
10.3518	0.000730618	0.00060594
10.5528	0.000605828	0.000491532
10.7538	0.000501035	0.000397124
10.9548	0.000413298	0.00031956
11.1558	0.000340056	0.000256113
11.3568	0.000279091	0.000204439
11.5578	0.00022849	0.000162535
11.7588	0.000186607	0.000128701
11.9598	0.000152035	0.000101501
12.1608	0.000123576	7.97281e-05
12.3618	0.000100209	6.23741e-05
12.5628	8.10744e-05	4.86015e-05
12.7638	6.54451e-05	3.77179e-05
12.9648	5.2711e-05	2.9154e-05
13.1658	4.23614e-05	2.2444e-05
13.3668	3.39704e-05	1.7209e-05
13.5678	2.71834e-05	1.3142e-05
13.7688	2.17067e-05	9.99589e-06
13.9698	1.72976e-05	7.5724e-06
14.1709	1.3756e-05	5.71344e-06
14.3719	1.09176e-05	4.29352e-06
14.5729	8.64773e-06	3.21353e-06
14.7739	6.83645e-06	2.39554e-06
14.9749	5.39418e-06	1.7786e-06
15.1759	4.24814e-06	1.31523e-06
15.3769	3.33935e-06	9.68683e-07
15.5779	2.62016e-06	7.10579e-07
15.7789	2.05215e-06	5.19153e-07
15.9799	1.6044e-06	3.77772e-07
16.1809	1.25215e-06	2.7379e-07
16.3819	9.75536e-07	1.97632e-07
16.5829	7.5873e-07	1.42086e-07
16.7839	5.89109e-07	1.01741e-07
16.9849	4.56641e-07	7.25591e-08
17.1859	3.53367e-07	5.15396e-08
17.3869	2.7299e-07	3.64622e-08
17.5879	2.10534e-07	2.56919e-08
17.7889	1.62077e-07	1.80303e-08
17.9899	1.24532e-07	1.26026e-08
18.191	9.54719e-08	8.7735e-09
18.392	7.29949e-08	6.08326e-09
18.593	5.56083e-08	4.20099e-09
18.794	4.21418e-08	2.88948e-09
18.995	3.1677e-08	1.97943e-09
19.196	2.349e-08	1.35056e-09
19.397	1.7007e-08	9.17779e-10
19.598	1.1767e-08	6.21177e-10
19.799	7.39246e-09	4.18741e-10
20	3.56416e-09	2.81143e-10
