-20	4.92276e-15	1.77243e-25
-19.799	1.06745e-14	5.3707e-25
-19.598	1.82224e-14	1.60927e-24
-19.397	2.8832e-14	4.76832e-24
-19.196	4.42774e-14	1.39713e-23
-18.995	6.7134e-14	4.04805e-23
-18.794	1.01202e-13	1.15982e-22
-18.593	1.52131e-13	3.28605e-22
-18.392	2.28341e-13	9.20648e-22
-18.191	3.424e-13	2.55064e-21
-17.9899	5.1306e-13	6.98783e-21
-17.7889	7.68299e-13	1.89309e-20
-17.5879	1.14983e-12	5.07152e-20
-17.3869	1.71982e-12	1.34351e-19
-17.1859	2.57085e-12	3.5195e-19
-16.9849	3.84066e-12	9.1171e-19
-16.7839	5.73411e-12	2.33545e-18
-16.5829	8.5556e-12	5.91589e-18
-16.3819	1.27571e-11	1.48186e-17
-16.1809	1.9009e-11	3.67054e-17
-15.9799	2.83052e-11	8.99063e-17
-15.7789	4.21176e-11	2.17765e-16
-15.5779	6.26242e-11	5.2158e-16
-15.3769	9.30447e-11	1.23535e-15
-15.1759	1.38134e-10	2.89333e-15
-14.9749	2.0491e-10	6.70104e-15
-14.7739	3.03712e-10	1.5347e-14
-14.5729	4.49769e-10	3.47568e-14
-14.3719	6.65476e-10	7.78385e-14
-14.1709	9.83732e-10	1.72379e-13
-13.9698	1.45281e-09	3.77496e-13
-13.7688	2.14347e-09	8.1748e-13
-13.5678	3.15926e-09	1.75057e-12
-13.3668	4.65155e-09	3.70695e-12
-13.1658	6.84128e-09	7.76231e-12
-12.9648	1.00505e-08	1.60732e-11
-12.7638	1.47479e-08	3.29117e-11
-12.5628	2.16146e-08	6.66401e-11
-12.3618	3.16385e-08	1.33431e-10
-12.1608	4.62505e-08	2.64189e-10
-11.9598	6.7519e-08	5.17262e-10
-11.7588	9.84287e-08	1.00148e-09
-11.5578	1.43278e-07	1.91739e-09
-11.3568	2.08242e-07	3.63008e-09
-11.1558	3.02179e-07	6.79608e-09
-10.9548	4.37761e-07	1.25816e-08
-10.7538	6.33074e-07	2.30331e-08
-10.5528	9.13868e-07	4.1697e-08
-10.3518	1.3167e-06	7.46439e-08
-10.1508	1.89335e-06	1.32136e-07
-9.94975	2.7169e-06	2.31304e-07
-9.74874	3.89021e-06	4.00389e-07
-9.54774	5.55754e-06	6.85359e-07
-9.34673	7.92057e-06	1.16009e-06
-9.14573	1.12601e-05	1.94178e-06
-8.94472	1.59658e-05	3.21401e-06
-8.74372	2.25755e-05	5.26054e-06
-8.54271	3.18293e-05	8.51432e-06
-8.34171	4.47398e-05	1.36272e-05
-8.1407	6.26858e-05	2.15675e-05
-7.9397	8.75346e-05	3.37544e-05
-7.73869	0.000121801	5.22392e-05
-7.53769	0.000168849	7.99467e-05
-7.33668	0.000233153	0.000120988
-7.13568	0.000320617	0.000181058
-6.93467	0.000438976	0.000267936
-6.73367	0.000598279	0.000392087
-6.53266	0.000811472	0.000567374
-6.33166	0.00109507	0.000811883
-6.13065	0.00146992	0.00114883
-5.92965	0.00196208	0.0016075
-5.72864	0.0026037	0.00222426
-5.52764	0.00343393	0.00304339
-5.32663	0.00449981	0.0041178
-5.12563	0.00585693	0.00550947
-4.92462	0.0075699	0.00728938
-4.72362	0.00971233	0.00953694
-4.52261	0.0123663	0.0123385
-4.32161	0.0156209	0.0157854
-4.1206	0.01957	0.0199703
-3.9196	0.0243092	0.0249832
-3.71859	0.0299305	0.0309065
-3.51759	0.0365173	0.0378085
-3.31658	0.0441373	0.0457366
-3.11558	0.0528343	0.0547112
-2.91457	0.062621	0.064718
-2.71357	0.0734699	0.0757026
-2.51256	0.0853069	0.0875655
-2.31156	0.098005	0.100159
-2.11055	0.111381	0.113289
-1.90955	0.125197	0.126713
-1.70854	0.139161	0.140149
-1.50754	0.152937	0.153284
-1.30653	0.166158	0.165782
-1.10553	0.178437	0.177304
-0.904523	0.189392	0.187514
-0.703518	0.19866	0.196104
-0.502513	0.20592	0.202804
-0.301508	0.210913	0.207397
-0.100503	0.213456	0.209733
0.100503	0.213456	0.209733
0.301508	0.210913	0.207397
0.502513	0.20592	0.202804
0.703518	0.19866	0.196104
0.904523	0.189392	0.187514
1.10553	0.178437	0.177304
1.30653	0.166158	0.165782
1.50754	0.152937	0.153284
1.70854	0.139161	0.140149
1.90955	0.125197	0.126713
2.11055	0.111381	0.113289
2.31156	0.098005	0.100159
2.51256	0.0853069	0.0875655
2.71357	0.0734699	0.0757026
2.91457	0.062621	0.064718
3.11558	0.0528343	0.0547112
3.31658	0.0441373	0.0457366
3.51759	0.0365173	0.0378085
3.71859	0.0299305	0.0309065
3.9196	0.0243092	0.0249832
4.1206	0.01957	0.0199703
4.32161	0.0156209	0.0157854
4.52261	0.0123663	0.0123385
4.72362	0.00971233	0.00953694
4.92462	0.0075699	0.00728938
5.12563	0.00585693	0.00550947
5.32663	0.00449981	0.0041178
5.52764	0.00343393	0.00304339
5.72864	0.0026037	0.00222426
5.92965	0.00196208	0.0016075
6.13065	0.00146992	0.00114883
6.33166	0.00109507	0.000811883
6.53266	0.000811472	0.000567374
6.73367	0.000598279	0.000392087
6.93467	0.000438976	0.000267936
7.13568	0.000320617	0.000181058
7.33668	0.000233153	0.000120988
7.53769	0.000168849	7.99467e-05
7.73869	0.000121801	5.22392e-05
7.9397	8.75346e-05	3.37544e-05
8.1407	6.26858e-05	2.15675e-05
8.34171	4.47398e-05	1.36272e-05
8.54271	3.18293e-05	8.51432e-06
8.74372	2.25755e-05	5.26054e-06
8.94472	1.59658e-05	3.21401e-06
9.14573	1.12601e-05	1.94178e-06
9.34673	7.92057e-06	1.16009e-06
9.54774	5.55754e-06	6.85359e-07
9.74874	3.89021e-06	4.00389e-07
9.94975	2.7169e-06	2.31304e-07
10.1508	1.89335e-06	1.32136e-07
10.3518	1.3167e-06	7.46439e-08
10.5528	9.13868e-07	4.1697e-08
10.7538	6.33074e-07	2.30331e-08
10.9548	4.37761e-07	1.25816e-08
11.1558	3.02179e-07	6.79608e-09
11.3568	2.08242e-07	3.63008e-09
11.5578	1.43278e-07	1.91739e-09
11.7588	9.84287e-08	1.00148e-09
11.9598	6.7519e-08	5.17262e-10
12.1608	4.62505e-08	2.64189e-10
12.3618	3.16385e-08	1.33431e-10
12.5628	2.16146e-08	6.66401e-11
12.7638	1.47479e-08	3.29117e-11
12.9648	1.00505e-08	1.60732e-11
13.1658	6.84128e-09	7.76231e-12
13.3668	4.65155e-09	3.70695e-12
13.5678	3.15926e-09	1.75057e-12
13.7688	2.14347e-09	8.1748e-13
13.9698	1.45281e-09	3.77496e-13
14.1709	9.83732e-10	1.72379e-13
14.3719	6.65476e-10	7.78385e-14
14.5729	4.49769e-10	3.47568e-14
14.7739	3.03712e-10	1.5347e-14
14.9749	2.0491e-10	6.70104e-15
15.1759	1.38134e-10	2.89333e-15
15.3769	9.30447e-11	1.23535e-15
15.5779	6.26242e-11	5.2158e-16
15.7789	4.21176e-11	2.17765e-16
15.9799	2.83052e-11	8.99063e-17
16.1809	1.9009e-11	3.67054e-17
16.3819	1.27571e-11	1.48186e-17
16.5829	8.5556e-12	5.91589e-18
16.7839	5.73411e-12	2.33545e-18
16.9849	3.84066e-12	9.1171e-19
17.1859	2.57085e-12	3.5195e-19
17.3869	1.71982e-12	1.34351e-19
17.5879	1.14983e-12	5.07152e-20
17.7889	7.68299e-13	1.89309e-20
17.9899	5.1306e-13	6.98783e-21
18.191	3.424e-13	2.55064e-21
18.392	2.28341e-13	9.20648e-22
18.593	1.52131e-13	3.28605e-22
18.794	1.01202e-13	1.15982e-22
18.995	6.7134e-14	4.04805e-23
19.196	4.42774e-14	1.39713e-23
19.397	2.8832e-14	4.76832e-24
19.598	1.82224e-14	1.60927e-24
19.799	1.06745e-14	5.3707e-25
20	4.92276e-15	1.77243e-25
