-20	9.37069e-14	3.90744e-21
-19.799	2.01506e-13	9.67422e-21
-19.598	3.39569e-13	2.37336e-20
-19.397	5.28521e-13	5.76943e-20
-19.196	7.96463e-13	1.38972e-19
-18.995	1.18306e-12	3.31697e-19
-18.794	1.7453e-12	7.84478e-19
-18.593	2.56567e-12	1.83841e-18
-18.392	3.76402e-12	4.26901e-18
-18.191	5.51464e-12	9.82281e-18
-17.9899	8.07097e-12	2.23958e-17
-17.7889	1.18014e-11	5.05965e-17
-17.5879	1.72409e-11	1.13265e-16
-17.3869	2.51658e-11	2.51245e-16
-17.1859	3.67014e-11	5.5223e-16
-16.9849	5.34774e-11	1.20272e-15
-16.7839	7.78511e-11	2.59558e-15
-16.5829	1.13229e-10	5.55043e-15
-16.3819	1.64526e-10	1.17609e-14
-16.1809	2.3883e-10	2.46933e-14
-15.9799	3.46345e-10	5.13736e-14
-15.7789	5.01744e-10	1.05907e-13
-15.5779	7.26101e-10	2.16337e-13
-15.3769	1.04964e-09	4.37885e-13
-15.1759	1.51566e-09	8.7824e-13
-14.9749	2.18606e-09	1.74538e-12
-14.7739	3.1493e-09	3.43707e-12
-14.5729	4.53146e-09	6.70671e-12
-14.3719	6.51209e-09	1.29674e-11
-14.1709	9.34642e-09	2.4844e-11
-13.9698	1.33967e-08	4.71642e-11
-13.7688	1.91759e-08	8.8721e-11
-13.5678	2.74099e-08	1.65372e-10
-13.3668	3.91228e-08	3.05438e-10
-13.1658	5.57578e-08	5.58992e-10
-12.9648	7.93438e-08	1.0137e-09
-12.7638	1.12728e-07	1.82154e-09
-12.5628	1.59897e-07	3.24333e-09
-12.3618	2.2642e-07	5.72224e-09
-12.1608	3.20059e-07	1.00038e-08
-11.9598	4.51608e-07	1.73294e-08
-11.7588	6.3604e-07	2.97459e-08
-11.5578	8.94066e-07	5.05935e-08
-11.3568	1.25426e-06	8.52676e-08
-11.1558	1.75595e-06	1.42396e-07
-10.9548	2.45306e-06	2.35631e-07
-10.7538	3.41935e-06	3.86359e-07
-10.5528	4.75538e-06	6.27729e-07
-10.3518	6.59775e-06	1.01059e-06
-10.1508	9.13143e-06	1.61215e-06
-9.94975	1.26059e-05	2.54832e-06
-9.74874	1.73565e-05	3.99143e-06
-9.54774	2.38319e-05	6.19476e-06
-9.34673	3.26301e-05	9.52674e-06
-9.14573	4.45447e-05	1.45173e-05
-8.94472	6.06236e-05	2.19206e-05
-8.74372	8.22441e-05	3.27975e-05
-8.54271	0.000111207	4.86242e-05
-8.34171	0.000149854	7.1431e-05
-8.1407	0.000201213	0.000103979
-7.9397	0.000269174	0.000149977
-7.73869	0.000358707	0.000214352
-7.53769	0.000476113	0.000303567
-7.33668	0.000629327	0.000425994
-7.13568	0.000828264	0.000592346
-6.93467	0.00108522	0.000816152
-6.73367	0.00141529	0.00111427
-6.53266	0.00183686	0.00150741
-6.33166	0.00237211	0.00202067
-6.13065	0.00304745	0.002684
-5.92965	0.00389404	0.00353259
-5.72864	0.00494816	0.00460708
-5.52764	0.00625141	0.00595364
-5.32663	0.00785089	0.00762363
-5.12563	0.00979888	0.00967306
-4.92462	0.0121524	0.0121616
-4.72362	0.0149723	0.0151509
-4.52261	0.0183217	0.0187029
-4.32161	0.0222641	0.0228772
-4.1206	0.0268606	0.0277281
-3.9196	0.032167	0.0333012
-3.71859	0.0382301	0.0396299
-3.51759	0.0450831	0.0467315
-3.31658	0.0527416	0.0546033
-3.11558	0.0611989	0.0632195
-2.91457	0.0704218	0.0725281
-2.71357	0.080347	0.0824488
-2.51256	0.090878	0.0928721
-2.31156	0.101885	0.10366
-2.11055	0.113202	0.114645
-1.90955	0.124634	0.12564
-1.70854	0.135957	0.136433
-1.50754	0.146927	0.146803
-1.30653	0.157285	0.156522
-1.10553	0.166771	0.165363
-0.904523	0.175134	0.17311
-0.703518	0.182139	0.179569
-0.502513	0.187585	0.18457
-0.301508	0.19131	0.187982
-0.100503	0.193202	0.189711
0.100503	0.193202	0.189711
0.301508	0.19131	0.187982
0.502513	0.187585	0.18457
0.703518	0.182139	0.179569
0.904523	0.175134	0.17311
1.10553	0.166771	0.165363
1.30653	0.157285	0.156522
1.50754	0.146927	0.146803
1.70854	0.135957	0.136433
1.90955	0.124634	0.12564
2.11055	0.113202	0.114645
2.31156	0.101885	0.10366
2.51256	0.090878	0.0928721
2.71357	0.080347	0.0824488
2.91457	0.0704218	0.0725281
3.11558	0.0611989	0.0632195
3.31658	0.0527416	0.0546033
3.51759	0.0450831	0.0467315
3.71859	0.0382301	0.0396299
3.9196	0.032167	0.0333012
4.1206	0.0268606	0.0277281
4.32161	0.0222641	0.0228772
4.52261	0.0183217	0.0187029
4.72362	0.0149723	0.0151509
4.92462	0.0121524	0.0121616
5.12563	0.00979888	0.00967306
5.32663	0.00785089	0.00762363
5.52764	0.00625141	0.00595364
5.72864	0.00494816	0.00460708
5.92965	0.00389404	0.00353259
6.13065	0.00304745	0.002684
6.33166	0.00237211	0.00202067
6.53266	0.00183686	0.00150741
6.73367	0.00141529	0.00111427
6.93467	0.00108522	0.000816152
7.13568	0.000828264	0.000592346
7.33668	0.000629327	0.000425994
7.53769	0.000476113	0.000303567
7.73869	0.000358707	0.000214352
7.9397	0.000269174	0.000149977
8.1407	0.000201213	0.000103979
8.34171	0.000149854	7.1431e-05
8.54271	0.000111207	4.86242e-05
8.74372	8.22441e-05	3.27975e-05
8.94472	6.06236e-05	2.19206e-05
9.14573	4.45447e-05	1.45173e-05
9.34673	3.26301e-05	9.52674e-06
9.54774	2.38319e-05	6.19476e-06
9.74874	1.73565e-05	3.99143e-06
9.94975	1.26059e-05	2.54832e-06
10.1508	9.13143e-06	1.61215e-06
10.3518	6.59775e-06	1.01059e-06
10.5528	4.75538e-06	6.27729e-07
10.7538	3.41935e-06	3.86359e-07
10.9548	2.45306e-06	2.35631e-07
11.1558	1.75595e-06	1.42396e-07
11.3568	1.25426e-06	8.52676e-08
11.5578	8.94066e-07	5.05935e-08
11.7588	6.3604e-07	2.97459e-08
11.9598	4.51608e-07	1.73294e-08
12.1608	3.20059e-07	1.00038e-08
12.3618	2.2642e-07	5.72224e-09
12.5628	1.59897e-07	3.24333e-09
12.7638	1.12728e-07	1.82154e-09
12.9648	7.93438e-08	1.0137e-09
13.1658	5.57578e-08	5.58992e-10
13.3668	3.91228e-08	3.05438e-10
13.5678	2.74099e-08	1.65372e-10
13.7688	1.91759e-08	8.8721e-11
13.9698	1.33967e-08	4.71642e-11
14.1709	9.34642e-09	2.4844e-11
14.3719	6.51209e-09	1.29674e-11
14.5729	4.53146e-09	6.70671e-12
14.7739	3.1493e-09	3.43707e-12
14.9749	2.18606e-09	1.74538e-12
15.1759	1.51566e-09	8.7824e-13
15.3769	1.04964e-09	4.37885e-13
15.5779	7.26101e-10	2.16337e-13
15.7789	5.01744e-10	1.05907e-13
15.9799	3.46345e-10	5.13736e-14
16.1809	2.3883e-10	2.46933e-14
16.3819	1.64526e-10	1.17609e-14
16.5829	1.13229e-10	5.55043e-15
16.7839	7.78511e-11	2.59558e-15
16.9849	5.34774e-11	1.20272e-15
17.1859	3.67014e-11	5.5223e-16
17.3869	2.51658e-11	2.51245e-16
17.5879	1.72409e-11	1.13265e-16
17.7889	1.18014e-11	5.05965e-17
17.9899	8.07097e-12	2.23958e-17
18.191	5.51464e-12	9.82281e-18
18.392	3.76402e-12	4.26901e-18
18.593	2.56567e-12	1.83841e-18
18.794	1.7453e-12	7.84478e-19
18.995	1.18306e-12	3.31697e-19
19.196	7.96463e-13	1.38972e-19
19.397	5.28521e-13	5.76943e-20
19.598	3.39569e-13	2.37336e-20
19.799	2.01506e-13	9.67422e-21
20	9.37069e-14	3.90744e-21
