-20	9.73541e-13	3.89134e-18
-19.799	2.07827e-12	8.37786e-18
-19.598	3.46259e-12	1.7898e-17
-19.397	5.31143e-12	3.79411e-17
-19.196	7.87033e-12	7.98091e-17
-18.995	1.1477e-11	1.66583e-16
-18.794	1.66046e-11	3.45021e-16
-18.593	2.39217e-11	7.09081e-16
-18.392	3.4377e-11	1.44605e-15
-18.191	4.93175e-11	2.92621e-15
-17.9899	7.06567e-11	5.87575e-15
-17.7889	1.01111e-10	1.17073e-14
-17.5879	1.44531e-10	2.31467e-14
-17.3869	2.06374e-10	4.54104e-14
-17.1859	2.94359e-10	8.84011e-14
-16.9849	4.19392e-10	1.70764e-13
-16.7839	5.96864e-10	3.27319e-13
-16.5829	8.48462e-10	6.2256e-13
-16.3819	1.2047e-09	1.17497e-12
-16.1809	1.70847e-09	2.20045e-12
-15.9799	2.41991e-09	4.08912e-12
-15.7789	3.42331e-09	7.54022e-12
-15.5779	4.83652e-09	1.37967e-11
-15.3769	6.82412e-09	2.50496e-11
-15.1759	9.6155e-09	4.51299e-11
-14.9749	1.35299e-08	8.06795e-11
-14.7739	1.90107e-08	1.43119e-10
-14.5729	2.66728e-08	2.51923e-10
-14.3719	3.73671e-08	4.40023e-10
-14.1709	5.22687e-08	7.62638e-10
-13.9698	7.29978e-08	1.31159e-09
-13.7688	1.01783e-07	2.23827e-09
-13.5678	1.41683e-07	3.79021e-09
-13.3668	1.96888e-07	6.36869e-09
-13.1658	2.73123e-07	1.06187e-08
-12.9648	3.78195e-07	1.75684e-08
-12.7638	5.22718e-07	2.88421e-08
-12.5628	7.21096e-07	4.69848e-08
-12.3618	9.92814e-07	7.59494e-08
-12.1608	1.36417e-06	1.21823e-07
-11.9598	1.87055e-06	1.93895e-07
-11.7588	2.55943e-06	3.06226e-07
-11.5578	3.49434e-06	4.79902e-07
-11.3568	4.75999e-06	7.46276e-07
-11.1558	6.46899e-06	1.15155e-06
-10.9548	8.77057e-06	1.7632e-06
-10.7538	1.18617e-05	2.6789e-06
-10.5528	1.60016e-05	4.03876e-06
-10.3518	2.153e-05	6.04192e-06
-10.1508	2.88903e-05	8.96888e-06
-9.94975	3.86592e-05	1.32111e-05
-9.74874	5.15832e-05	1.93096e-05
-9.54774	6.86247e-05	2.80055e-05
-9.34673	9.10184e-05	4.03043e-05
-9.14573	0.000120341	5.75565e-05
-8.94472	0.000158596	8.15593e-05
-8.74372	0.000208314	0.00011468
-8.54271	0.000272676	0.000160007
-8.34171	0.000355659	0.000221527
-8.1407	0.000462199	0.000304334
-7.9397	0.000598388	0.000414868
-7.73869	0.000771691	0.000561184
-7.53769	0.000991195	0.000753246
-7.33668	0.00126787	0.00100324
-7.13568	0.00161487	0.00132589
-6.93467	0.0020478	0.00173879
-6.73367	0.00258505	0.00226268
-6.53266	0.00324804	0.00292169
-6.33166	0.00406149	0.00374353
-6.13065	0.00505358	0.00475954
-5.92965	0.00625607	0.00600461
-5.72864	0.00770421	0.00751692
-5.52764	0.00943662	0.00933752
-5.32663	0.0114948	0.0115096
-5.12563	0.0139226	0.0140774
-4.92462	0.016765	0.0170853
-4.72362	0.0200674	0.0205759
-4.52261	0.0238736	0.0245884
-4.32161	0.0282239	0.0291566
-4.1206	0.0331534	0.0343069
-3.9196	0.0386888	0.0400554
-3.71859	0.0448464	0.0464062
-3.51759	0.0516292	0.0533492
-3.31658	0.0590241	0.0608577
-3.11558	0.0669994	0.0688873
-2.91457	0.0755034	0.0773747
-2.71357	0.084462	0.0862373
-2.51256	0.093779	0.0953733
-2.31156	0.103336	0.104663
-2.11055	0.112993	0.113972
-1.90955	0.122593	0.123151
-1.70854	0.131963	0.132043
-1.50754	0.140922	0.140484
-1.30653	0.149284	0.148311
-1.10553	0.156864	0.155367
-0.904523	0.163488	0.161502
-0.703518	0.168998	0.166584
-0.502513	0.173258	0.1705
-0.301508	0.176161	0.173162
-0.100503	0.177631	0.174509
0.100503	0.177631	0.174509
0.301508	0.176161	0.173162
0.502513	0.173258	0.1705
0.703518	0.168998	0.166584
0.904523	0.163488	0.161502
1.10553	0.156864	0.155367
1.30653	0.149284	0.148311
1.50754	0.140922	0.140484
1.70854	0.131963	0.132043
1.90955	0.122593	0.123151
2.11055	0.112993	0.113972
2.31156	0.103336	0.104663
2.51256	0.093779	0.0953733
2.71357	0.084462	0.0862373
2.91457	0.0755034	0.0773747
3.11558	0.0669994	0.0688873
3.31658	0.0590241	0.0608577
3.51759	0.0516292	0.0533492
3.71859	0.0448464	0.0464062
3.9196	0.0386888	0.0400554
4.1206	0.0331534	0.0343069
4.32161	0.0282239	0.0291566
4.52261	0.0238736	0.0245884
4.72362	0.0200674	0.0205759
4.92462	0.016765	0.0170853
5.12563	0.0139226	0.0140774
5.32663	0.0114948	0.0115096
5.52764	0.00943662	0.00933752
5.72864	0.00770421	0.00751692
5.92965	0.00625607	0.00600461
6.13065	0.00505358	0.00475954
6.33166	0.00406149	0.00374353
6.53266	0.00324804	0.00292169
6.73367	0.00258505	0.00226268
6.93467	0.0020478	0.00173879
7.13568	0.00161487	0.00132589
7.33668	0.00126787	0.00100324
7.53769	0.000991195	0.000753246
7.73869	0.000771691	0.000561184
7.9397	0.000598388	0.000414868
8.1407	0.000462199	0.000304334
8.34171	0.000355659	0.000221527
8.54271	0.000272676	0.000160007
8.74372	0.000208314	0.00011468
8.94472	0.000158596	8.15593e-05
9.14573	0.000120341	5.75565e-05
9.34673	9.10184e-05	4.03043e-05
9.54774	6.86247e-05	2.80055e-05
9.74874	5.15832e-05	1.93096e-05
9.94975	3.86592e-05	1.32111e-05
10.1508	2.88903e-05	8.96888e-06
10.3518	2.153e-05	6.04192e-06
10.5528	1.60016e-05	4.03876e-06
10.7538	1.18617e-05	2.6789e-06
10.9548	8.77057e-06	1.7632e-06
11.1558	6.46899e-06	1.15155e-06
11.3568	4.75999e-06	7.46276e-07
11.5578	3.49434e-06	4.79902e-07
11.7588	2.55943e-06	3.06226e-07
11.9598	1.87055e-06	1.93895e-07
12.1608	1.36417e-06	1.21823e-07
12.3618	9.92814e-07	7.59494e-08
12.5628	7.21096e-07	4.69848e-08
12.7638	5.22718e-07	2.88421e-08
12.9648	3.78195e-07	1.75684e-08
13.1658	2.73123e-07	1.06187e-08
13.3668	1.96888e-07	6.36869e-09
13.5678	1.41683e-07	3.79021e-09
13.7688	1.01783e-07	2.23827e-09
13.9698	7.29978e-08	1.31159e-09
14.1709	5.22687e-08	7.62638e-10
14.3719	3.73671e-08	4.40023e-10
14.5729	2.66728e-08	2.51923e-10
14.7739	1.90107e-08	1.43119e-10
14.9749	1.35299e-08	8.06795e-11
15.1759	9.6155e-09	4.51299e-11
15.3769	6.82412e-09	2.50496e-11
15.5779	4.83652e-09	1.37967e-11
15.7789	3.42331e-09	7.54022e-12
15.9799	2.41991e-09	4.08912e-12
16.1809	1.70847e-09	2.20045e-12
16.3819	1.2047e-09	1.17497e-12
16.5829	8.48462e-10	6.2256e-13
16.7839	5.96864e-10	3.27319e-13
16.9849	4.19392e-10	1.70764e-13
17.1859	2.94359e-10	8.84011e-14
17.3869	2.06374e-10	4.54104e-14
17.5879	1.44531e-10	2.31467e-14
17.7889	1.01111e-10	1.17073e-14
17.9899	7.06567e-11	5.87575e-15
18.191	4.93175e-11	2.92621e-15
18.392	3.4377e-11	1.44605e-15
18.593	2.39217e-11	7.09081e-16
18.794	1.66046e-11	3.45021e-16
18.995	1.1477e-11	1.66583e-16
19.196	7.87033e-12	7.98091e-17
19.397	5.31143e-12	3.79411e-17
19.598	3.46259e-12	1.7898e-17
19.799	2.07827e-12	8.37786e-18
20	9.73541e-13	3.89134e-18
