-20	6.71995e-12	6.06682e-16
-19.799	1.42539e-11	1.17901e-15
-19.598	2.35111e-11	2.27592e-15
-19.397	3.56012e-11	4.36399e-15
-19.196	5.19632e-11	8.31181e-15
-18.995	7.45294e-11	1.57251e-14
-18.794	1.05945e-10	2.95511e-14
-18.593	1.49864e-10	5.51622e-14
-18.392	2.11359e-10	1.02281e-13
-18.191	2.9748e-10	1.88379e-13
-17.9899	4.18025e-10	3.44632e-13
-17.7889	5.86604e-10	6.26274e-13
-17.5879	8.22103e-10	1.13047e-12
-17.3869	1.1507e-09	2.02692e-12
-17.1859	1.60861e-09	3.60996e-12
-16.9849	2.24589e-09	6.38634e-12
-16.7839	3.1316e-09	1.12224e-11
-16.5829	4.3609e-09	1.95888e-11
-16.3819	6.06462e-09	3.39636e-11
-16.1809	8.42244e-09	5.8493e-11
-15.9799	1.16806e-08	1.00065e-10
-15.7789	1.61761e-08	1.70036e-10
-15.5779	2.23691e-08	2.87005e-10
-15.3769	3.0887e-08	4.81195e-10
-15.1759	4.25834e-08	8.0138e-10
-14.9749	5.86175e-08	1.32569e-09
-14.7739	8.05603e-08	2.17836e-09
-14.5729	1.10537e-07	3.55552e-09
-14.3719	1.51414e-07	5.7645e-09
-14.1709	2.07053e-07	9.28336e-09
-13.9698	2.82642e-07	1.48503e-08
-13.7688	3.85137e-07	2.35966e-08
-13.5678	5.23836e-07	3.72434e-08
-13.3668	7.11146e-07	5.83894e-08
-13.1658	9.63576e-07	9.09295e-08
-12.9648	1.30304e-06	1.40657e-07
-12.7638	1.75853e-06	2.16123e-07
-12.5628	2.36833e-06	3.29859e-07
-12.3618	3.18282e-06	5.0008e-07
-12.1608	4.26812e-06	7.53072e-07
-11.9598	5.71075e-06	1.12647e-06
-11.7588	7.6235e-06	1.67373e-06
-11.5578	1.01531e-05	2.47024e-06
-11.3568	1.34894e-05	3.6214e-06
-11.1558	1.7878e-05	5.27352e-06
-10.9548	2.36343e-05	7.62797e-06
-10.7538	3.1163e-05	1.09598e-05
-10.5528	4.09804e-05	1.56416e-05
-10.3518	5.37435e-05	2.21741e-05
-10.1508	7.02838e-05	3.12246e-05
-9.94975	9.165e-05	4.36749e-05
-9.74874	0.000119159	6.0681e-05
-9.54774	0.000154454	8.37449e-05
-9.34673	0.000199581	0.000114802
-9.14573	0.00025707	0.000156324
-8.94472	0.000330032	0.00021144
-8.74372	0.000422276	0.000284076
-8.54271	0.000538437	0.000379111
-8.34171	0.000684119	0.000502556
-8.1407	0.000866056	0.000661739
-7.9397	0.00109229	0.000865516
-7.73869	0.00137234	0.00112447
-7.53769	0.00171742	0.00145113
-7.33668	0.00214061	0.00186016
-7.13568	0.00265706	0.00236854
-6.93467	0.00328415	0.00299568
-6.73367	0.0040416	0.00376353
-6.53266	0.00495163	0.00469657
-6.33166	0.00603891	0.00582171
-6.13065	0.00733057	0.00716814
-5.92965	0.00885597	0.00876693
-5.72864	0.0106465	0.0106506
-5.52764	0.012735	0.0128524
-5.32663	0.0151553	0.0154058
-5.12563	0.0179412	0.0183428
-4.92462	0.021126	0.0216937
-4.72362	0.0247404	0.0254851
-4.52261	0.0288121	0.0297388
-4.32161	0.0333635	0.0344705
-4.1206	0.0384107	0.0396877
-3.9196	0.043961	0.045389
-3.71859	0.0500118	0.051562
-3.51759	0.0565488	0.0581827
-3.31658	0.0635442	0.0652145
-3.11558	0.0709558	0.0726072
-2.91457	0.0787261	0.0802971
-2.71357	0.0867821	0.0882076
-2.51256	0.0950352	0.0962492
-2.31156	0.103382	0.104321
-2.11055	0.111708	0.112314
-1.90955	0.119885	0.120111
-1.70854	0.12778	0.127589
-1.50754	0.135254	0.134627
-1.30653	0.142168	0.141103
-1.10553	0.148389	0.146901
-0.904523	0.15379	0.151914
-0.703518	0.158259	0.156047
-0.502513	0.161699	0.159221
-0.301508	0.164036	0.161372
-0.100503	0.165218	0.162459
0.100503	0.165218	0.162459
0.301508	0.164036	0.161372
0.502513	0.161699	0.159221
0.703518	0.158259	0.156047
0.904523	0.15379	0.151914
1.10553	0.148389	0.146901
1.30653	0.142168	0.141103
1.50754	0.135254	0.134627
1.70854	0.12778	0.127589
1.90955	0.119885	0.120111
2.11055	0.111708	0.112314
2.31156	0.103382	0.104321
2.51256	0.0950352	0.0962492
2.71357	0.0867821	0.0882076
2.91457	0.0787261	0.0802971
3.11558	0.0709558	0.0726072
3.31658	0.0635442	0.0652145
3.51759	0.0565488	0.0581827
3.71859	0.0500118	0.051562
3.9196	0.043961	0.045389
4.1206	0.0384107	0.0396877
4.32161	0.0333635	0.0344705
4.52261	0.0288121	0.0297388
4.72362	0.0247404	0.0254851
4.92462	0.021126	0.0216937
5.12563	0.0179412	0.0183428
5.32663	0.0151553	0.0154058
5.52764	0.012735	0.0128524
5.72864	0.0106465	0.0106506
5.92965	0.00885597	0.00876693
6.13065	0.00733057	0.00716814
6.33166	0.00603891	0.00582171
6.53266	0.00495163	0.00469657
6.73367	0.0040416	0.00376353
6.93467	0.00328415	0.00299568
7.13568	0.00265706	0.00236854
7.33668	0.00214061	0.00186016
7.53769	0.00171742	0.00145113
7.73869	0.00137234	0.00112447
7.9397	0.00109229	0.000865516
8.1407	0.000866056	0.000661739
8.34171	0.000684119	0.000502556
8.54271	0.000538437	0.000379111
8.74372	0.000422276	0.000284076
8.94472	0.000330032	0.00021144
9.14573	0.00025707	0.000156324
9.34673	0.000199581	0.000114802
9.54774	0.000154454	8.37449e-05
9.74874	0.000119159	6.0681e-05
9.94975	9.165e-05	4.36749e-05
10.1508	7.02838e-05	3.12246e-05
10.3518	5.37435e-05	2.21741e-05
10.5528	4.09804e-05	1.56416e-05
10.7538	3.1163e-05	1.09598e-05
10.9548	2.36343e-05	7.62797e-06
11.1558	1.7878e-05	5.27352e-06
11.3568	1.34894e-05	3.6214e-06
11.5578	1.01531e-05	2.47024e-06
11.7588	7.6235e-06	1.67373e-06
11.9598	5.71075e-06	1.12647e-06
12.1608	4.26812e-06	7.53072e-07
12.3618	3.18282e-06	5.0008e-07
12.5628	2.36833e-06	3.29859e-07
12.7638	1.75853e-06	2.16123e-07
12.9648	1.30304e-06	1.40657e-07
13.1658	9.63576e-07	9.09295e-08
13.3668	7.11146e-07	5.83894e-08
13.5678	5.23836e-07	3.72434e-08
13.7688	3.85137e-07	2.35966e-08
13.9698	2.82642e-07	1.48503e-08
14.1709	2.07053e-07	9.28336e-09
14.3719	1.51414e-07	5.7645e-09
14.5729	1.10537e-07	3.55552e-09
14.7739	8.05603e-08	2.17836e-09
14.9749	5.86175e-08	1.32569e-09
15.1759	4.25834e-08	8.0138e-10
15.3769	3.0887e-08	4.81195e-10
15.5779	2.23691e-08	2.87005e-10
15.7789	1.61761e-08	1.70036e-10
15.9799	1.16806e-08	1.00065e-10
16.1809	8.42244e-09	5.8493e-11
16.3819	6.06462e-09	3.39636e-11
16.5829	4.3609e-09	1.95888e-11
16.7839	3.1316e-09	1.12224e-11
16.9849	2.24589e-09	6.38634e-12
17.1859	1.60861e-09	3.60996e-12
17.3869	1.1507e-09	2.02692e-12
17.5879	8.22103e-10	1.13047e-12
17.7889	5.86604e-10	6.26274e-13
17.9899	4.18025e-10	3.44632e-13
18.191	2.9748e-10	1.88379e-13
18.392	2.11359e-10	1.02281e-13
18.593	1.49864e-10	5.51622e-14
18.794	1.05945e-10	2.95511e-14
18.995	7.45294e-11	1.57251e-14
19.196	5.19632e-11	8.31181e-15
19.397	3.56012e-11	4.36399e-15
19.598	2.35111e-11	2.27592e-15
19.799	1.42539e-11	1.17901e-15
20	6.71995e-12	6.06682e-16
