-20	3.43846e-11	2.85541e-14
-19.799	7.25245e-11	5.13129e-14
-19.598	1.18567e-10	9.1667e-14
-19.397	1.77482e-10	1.6279e-13
-19.196	2.55573e-10	2.87391e-13
-18.995	3.61123e-10	5.04365e-13
-18.794	5.05222e-10	8.79927e-13
-18.593	7.02884e-10	1.52608e-12
-18.392	9.74518e-10	2.63109e-12
-18.191	1.34793e-09	4.50945e-12
-17.9899	1.86101e-09	7.68316e-12
-17.7889	2.56535e-09	1.30132e-11
-17.5879	3.53114e-09	2.19108e-11
-17.3869	4.85371e-09	3.66742e-11
-17.1859	6.66237e-09	6.10228e-11
-16.9849	9.13224e-09	1.00937e-10
-16.7839	1.25001e-08	1.65974e-10
-16.5829	1.70853e-08	2.71305e-10
-16.3819	2.33185e-08	4.40863e-10
-16.1809	3.17782e-08	7.12161e-10
-15.9799	4.32414e-08	1.14362e-09
-15.7789	5.87485e-08	1.82563e-09
-15.5779	7.96907e-08	2.89717e-09
-15.3769	1.07924e-07	4.5705e-09
-15.1759	1.45919e-07	7.16774e-09
-14.9749	1.9696e-07	1.11745e-08
-14.7739	2.65397e-07	1.73183e-08
-14.5729	3.56989e-07	2.66814e-08
-14.3719	4.79331e-07	4.08641e-08
-14.1709	6.42426e-07	6.22163e-08
-13.9698	8.59409e-07	9.41661e-08
-13.7688	1.14749e-06	1.41682e-07
-13.5678	1.52915e-06	2.11915e-07
-13.3668	2.0337e-06	3.15092e-07
-13.1658	2.69924e-06	4.6574e-07
-12.9648	3.57513e-06	6.84349e-07
-12.7638	4.7252e-06	9.99632e-07
-12.5628	6.23166e-06	1.45155e-06
-12.3618	8.20018e-06	2.09533e-06
-12.1608	1.07661e-05	3.00677e-06
-11.9598	1.4102e-05	4.28922e-06
-11.7588	1.84279e-05	6.08253e-06
-11.5578	2.40224e-05	8.5747e-06
-11.3568	3.12376e-05	1.20166e-05
-11.1558	4.05169e-05	1.67408e-05
-10.9548	5.24163e-05	2.31844e-05
-10.7538	6.76305e-05	3.19188e-05
-10.5528	8.7024e-05	4.36842e-05
-10.3518	0.000111668	5.94336e-05
-10.1508	0.000142884	8.03836e-05
-9.94975	0.000182294	0.000108077
-9.74874	0.000231885	0.000144453
-9.54774	0.000294068	0.000191932
-9.34673	0.000371769	0.000253512
-9.14573	0.000468505	0.000332872
-8.94472	0.000588492	0.000434496
-8.74372	0.000736749	0.000563797
-8.54271	0.000919219	0.000727258
-8.34171	0.00114289	0.000932573
-8.1407	0.00141594	0.00118879
-7.9397	0.00174784	0.00150646
-7.73869	0.00214952	0.00189774
-7.53769	0.00263348	0.00237655
-7.33668	0.00321387	0.00295859
-7.13568	0.00390663	0.00366143
-6.93467	0.00472948	0.0045045
-6.73367	0.00570196	0.00550897
-6.53266	0.00684539	0.00669766
-6.33166	0.00818271	0.00809477
-6.13065	0.00973827	0.00972555
-5.92965	0.0115376	0.0116159
-5.72864	0.0136068	0.0137918
-5.52764	0.0159724	0.0162786
-5.32663	0.0186603	0.0191004
-5.12563	0.021695	0.022279
-4.92462	0.0250991	0.0258332
-4.72362	0.0288918	0.0297775
-4.52261	0.0330882	0.0341215
-4.32161	0.0376979	0.0388684
-4.1206	0.0427238	0.0440143
-3.9196	0.048161	0.0495473
-3.71859	0.0539958	0.0554465
-3.51759	0.0602045	0.0616819
-3.31658	0.0667529	0.0682134
-3.11558	0.0735956	0.0749912
-2.91457	0.0806759	0.0819558
-2.71357	0.0879258	0.0890385
-2.51256	0.095267	0.0961622
-2.31156	0.102611	0.103243
-2.11055	0.109863	0.110191
-1.90955	0.116919	0.116911
-1.70854	0.123674	0.12331
-1.50754	0.130021	0.129291
-1.30653	0.135852	0.134762
-1.10553	0.141068	0.139636
-0.904523	0.145574	0.143831
-0.703518	0.149287	0.147278
-0.502513	0.152136	0.149917
-0.301508	0.154067	0.151703
-0.100503	0.155042	0.152604
0.100503	0.155042	0.152604
0.301508	0.154067	0.151703
0.502513	0.152136	0.149917
0.703518	0.149287	0.147278
0.904523	0.145574	0.143831
1.10553	0.141068	0.139636
1.30653	0.135852	0.134762
1.50754	0.130021	0.129291
1.70854	0.123674	0.12331
1.90955	0.116919	0.116911
2.11055	0.109863	0.110191
2.31156	0.102611	0.103243
2.51256	0.095267	0.0961622
2.71357	0.0879258	0.0890385
2.91457	0.0806759	0.0819558
3.11558	0.0735956	0.0749912
3.31658	0.0667529	0.0682134
3.51759	0.0602045	0.0616819
3.71859	0.0539958	0.0554465
3.9196	0.048161	0.0495473
4.1206	0.0427238	0.0440143
4.32161	0.0376979	0.0388684
4.52261	0.0330882	0.0341215
4.72362	0.0288918	0.0297775
4.92462	0.0250991	0.0258332
5.12563	0.021695	0.022279
5.32663	0.0186603	0.0191004
5.52764	0.0159724	0.0162786
5.72864	0.0136068	0.0137918
5.92965	0.0115376	0.0116159
6.13065	0.00973827	0.00972555
6.33166	0.00818271	0.00809477
6.53266	0.00684539	0.00669766
6.73367	0.00570196	0.00550897
6.93467	0.00472948	0.0045045
7.13568	0.00390663	0.00366143
7.33668	0.00321387	0.00295859
7.53769	0.00263348	0.00237655
7.73869	0.00214952	0.00189774
7.9397	0.00174784	0.00150646
8.1407	0.00141594	0.00118879
8.34171	0.00114289	0.000932573
8.54271	0.000919219	0.000727258
8.74372	0.000736749	0.000563797
8.94472	0.000588492	0.000434496
9.14573	0.000468505	0.000332872
9.34673	0.000371769	0.000253512
9.54774	0.000294068	0.000191932
9.74874	0.000231885	0.000144453
9.94975	0.000182294	0.000108077
10.1508	0.000142884	8.03836e-05
10.3518	0.000111668	5.94336e-05
10.5528	8.7024e-05	4.36842e-05
10.7538	6.76305e-05	3.19188e-05
10.9548	5.24163e-05	2.31844e-05
11.1558	4.05169e-05	1.67408e-05
11.3568	3.12376e-05	1.20166e-05
11.5578	2.40224e-05	8.5747e-06
11.7588	1.84279e-05	6.08253e-06
11.9598	1.4102e-05	4.28922e-06
12.1608	1.07661e-05	3.00677e-06
12.3618	8.20018e-06	2.09533e-06
12.5628	6.23166e-06	1.45155e-06
12.7638	4.7252e-06	9.99632e-07
12.9648	3.57513e-06	6.84349e-07
13.1658	2.69924e-06	4.6574e-07
13.3668	2.0337e-06	3.15092e-07
13.5678	1.52915e-06	2.11915e-07
13.7688	1.14749e-06	1.41682e-07
13.9698	8.59409e-07	9.41661e-08
14.1709	6.42426e-07	6.22163e-08
14.3719	4.79331e-07	4.08641e-08
14.5729	3.56989e-07	2.66814e-08
14.7739	2.65397e-07	1.73183e-08
14.9749	1.9696e-07	1.11745e-08
15.1759	1.45919e-07	7.16774e-09
15.3769	1.07924e-07	4.5705e-09
15.5779	7.96907e-08	2.89717e-09
15.7789	5.87485e-08	1.82563e-09
15.9799	4.32414e-08	1.14362e-09
16.1809	3.17782e-08	7.12161e-10
16.3819	2.33185e-08	4.40863e-10
16.5829	1.70853e-08	2.71305e-10
16.7839	1.25001e-08	1.65974e-10
16.9849	9.13224e-09	1.00937e-10
17.1859	6.66237e-09	6.10228e-11
17.3869	4.85371e-09	3.66742e-11
17.5879	3.53114e-09	2.19108e-11
17.7889	2.56535e-09	1.30132e-11
17.9899	1.86101e-09	7.68316e-12
18.191	1.34793e-09	4.50945e-12
18.392	9.74518e-10	2.63109e-12
18.593	7.02884e-10	1.52608e-12
18.794	5.05222e-10	8.79927e-13
18.995	3.61123e-10	5.04365e-13
19.196	2.55573e-10	2.87391e-13
19.397	1.77482e-10	1.6279e-13
19.598	1.18567e-10	9.1667e-14
19.799	7.25245e-11	5.13129e-14
20	3.43846e-11	2.85541e-14
