-20	1.39773e-10	5.93007e-13
-19.799	2.93348e-10	1.00181e-12
-19.598	4.75816e-10	1.6835e-12
-19.397	7.04963e-10	2.81411e-12
-19.196	1.00291e-09	4.67915e-12
-18.995	1.39811e-09	7.73914e-12
-18.794	1.92793e-09	1.27326e-11
-18.593	2.64196e-09	2.08374e-11
-18.392	3.60636e-09	3.3921e-11
-18.191	4.90961e-09	5.4928e-11
-17.9899	6.67004e-09	8.84746e-11
-17.7889	9.0459e-09	1.41756e-10
-17.5879	1.22485e-08	2.25926e-10
-17.3869	1.65598e-08	3.58171e-10
-17.1859	2.23552e-08	5.64825e-10
-16.9849	3.01336e-08	8.86007e-10
-16.7839	4.05573e-08	1.38248e-09
-16.5829	5.45034e-08	2.14577e-09
-16.3819	7.31314e-08	3.31288e-09
-16.1809	9.79711e-08	5.08777e-09
-15.9799	1.31037e-07	7.7723e-09
-15.7789	1.74977e-07	1.18106e-08
-15.5779	2.33261e-07	1.78522e-08
-15.3769	3.10431e-07	2.68419e-08
-15.1759	4.12418e-07	4.01452e-08
-14.9749	5.46946e-07	5.97248e-08
-14.7739	7.24053e-07	8.83843e-08
-14.5729	9.56754e-07	1.30105e-07
-14.3719	1.26188e-06	1.90509e-07
-14.1709	1.66116e-06	2.77481e-07
-13.9698	2.18253e-06	4.02025e-07
-13.7688	2.86187e-06	5.79391e-07
-13.5678	3.7451e-06	8.30597e-07
-13.3668	4.89083e-06	1.18443e-06
-13.1658	6.37368e-06	1.68007e-06
-12.9648	8.28835e-06	2.37053e-06
-12.7638	1.07547e-05	3.32707e-06
-12.5628	1.39239e-05	4.64493e-06
-12.3618	1.79861e-05	6.45054e-06
-12.1608	2.31796e-05	8.91072e-06
-11.9598	2.98022e-05	1.22442e-05
-11.7588	3.82246e-05	1.67358e-05
-11.5578	4.89069e-05	2.27542e-05
-11.3568	6.24174e-05	3.07735e-05
-11.1558	7.94565e-05	4.13992e-05
-10.9548	0.000100883	5.53997e-05
-10.7538	0.000127746	7.37432e-05
-10.5528	0.000161323	9.7642e-05
-10.3518	0.000203161	0.000128603
-10.1508	0.000255125	0.000168486
-9.94975	0.000319456	0.000219573
-9.74874	0.000398831	0.000284637
-9.54774	0.000496432	0.000367033
-9.34673	0.000616026	0.00047078
-9.14573	0.000762042	0.000600662
-8.94472	0.000939663	0.000762329
-8.74372	0.00115492	0.000962398
-8.54271	0.00141478	0.00120855
-8.34171	0.00172726	0.00150966
-8.1407	0.00210148	0.00187581
-7.9397	0.00254781	0.00231846
-7.73869	0.00307787	0.00285043
-7.53769	0.00370464	0.00348595
-7.33668	0.00444248	0.00424064
-7.13568	0.0053071	0.00513146
-6.93467	0.00631556	0.00617662
-6.73367	0.00748614	0.00739537
-6.53266	0.00883823	0.00880783
-6.33166	0.0103921	0.0104346
-6.13065	0.0121686	0.0122966
-5.92965	0.0141888	0.0144143
-5.72864	0.0164736	0.0168075
-5.52764	0.0190432	0.0194944
-5.32663	0.0219162	0.0224914
-5.12563	0.0251096	0.0258122
-4.92462	0.0286371	0.0294667
-4.72362	0.0325092	0.0334609
-4.52261	0.0367317	0.0377958
-4.32161	0.0413051	0.0424668
-4.1206	0.046224	0.0474631
-3.9196	0.051476	0.0527669
-3.71859	0.0570412	0.0583534
-3.51759	0.0628916	0.0641906
-3.31658	0.0689908	0.0702386
-3.11558	0.0752941	0.0764505
-2.91457	0.0817482	0.0827722
-2.71357	0.0882919	0.0891432
-2.51256	0.0948566	0.0954975
-2.31156	0.101368	0.101764
-2.11055	0.107745	0.107869
-1.90955	0.113904	0.113737
-1.70854	0.119762	0.11929
-1.50754	0.125231	0.124453
-1.30653	0.13023	0.129154
-1.10553	0.134681	0.133324
-0.904523	0.13851	0.136902
-0.703518	0.141655	0.139834
-0.502513	0.144063	0.142073
-0.301508	0.145691	0.143586
-0.100503	0.146513	0.144349
0.100503	0.146513	0.144349
0.301508	0.145691	0.143586
0.502513	0.144063	0.142073
0.703518	0.141655	0.139834
0.904523	0.13851	0.136902
1.10553	0.134681	0.133324
1.30653	0.13023	0.129154
1.50754	0.125231	0.124453
1.70854	0.119762	0.11929
1.90955	0.113904	0.113737
2.11055	0.107745	0.107869
2.31156	0.101368	0.101764
2.51256	0.0948566	0.0954975
2.71357	0.0882919	0.0891432
2.91457	0.0817482	0.0827722
3.11558	0.0752941	0.0764505
3.31658	0.0689908	0.0702386
3.51759	0.0628916	0.0641906
3.71859	0.0570412	0.0583534
3.9196	0.051476	0.0527669
4.1206	0.046224	0.0474631
4.32161	0.0413051	0.0424668
4.52261	0.0367317	0.0377958
4.72362	0.0325092	0.0334609
4.92462	0.0286371	0.0294667
5.12563	0.0251096	0.0258122
5.32663	0.0219162	0.0224914
5.52764	0.0190432	0.0194944
5.72864	0.0164736	0.0168075
5.92965	0.0141888	0.0144143
6.13065	0.0121686	0.0122966
6.33166	0.0103921	0.0104346
6.53266	0.00883823	0.00880783
6.73367	0.00748614	0.00739537
6.93467	0.00631556	0.00617662
7.13568	0.0053071	0.00513146
7.33668	0.00444248	0.00424064
7.53769	0.00370464	0.00348595
7.73869	0.00307787	0.00285043
7.9397	0.00254781	0.00231846
8.1407	0.00210148	0.00187581
8.34171	0.00172726	0.00150966
8.54271	0.00141478	0.00120855
8.74372	0.00115492	0.000962398
8.94472	0.000939663	0.000762329
9.14573	0.000762042	0.000600662
9.34673	0.000616026	0.00047078
9.54774	0.000496432	0.000367033
9.74874	0.000398831	0.000284637
9.94975	0.000319456	0.000219573
10.1508	0.000255125	0.000168486
10.3518	0.000203161	0.000128603
10.5528	0.000161323	9.7642e-05
10.7538	0.000127746	7.37432e-05
10.9548	0.000100883	5.53997e-05
11.1558	7.94565e-05	4.13992e-05
11.3568	6.24174e-05	3.07735e-05
11.5578	4.89069e-05	2.27542e-05
11.7588	3.82246e-05	1.67358e-05
11.9598	2.98022e-05	1.22442e-05
12.1608	2.31796e-05	8.91072e-06
12.3618	1.79861e-05	6.45054e-06
12.5628	1.39239e-05	4.64493e-06
12.7638	1.07547e-05	3.32707e-06
12.9648	8.28835e-06	2.37053e-06
13.1658	6.37368e-06	1.68007e-06
13.3668	4.89083e-06	1.18443e-06
13.5678	3.7451e-06	8.30597e-07
13.7688	2.86187e-06	5.79391e-07
13.9698	2.18253e-06	4.02025e-07
14.1709	1.66116e-06	2.77481e-07
14.3719	1.26188e-06	1.90509e-07
14.5729	9.56754e-07	1.30105e-07
14.7739	7.24053e-07	8.83843e-08
14.9749	5.46946e-07	5.97248e-08
15.1759	4.12418e-07	4.01452e-08
15.3769	3.10431e-07	2.68419e-08
15.5779	2.33261e-07	1.78522e-08
15.7789	1.74977e-07	1.18106e-08
15.9799	1.31037e-07	7.7723e-09
16.1809	9.79711e-08	5.08777e-09
16.3819	7.31314e-08	3.31288e-09
16.5829	5.45034e-08	2.14577e-09
16.7839	4.05573e-08	1.38248e-09
16.9849	3.01336e-08	8.86007e-10
17.1859	2.23552e-08	5.64825e-10
17.3869	1.65598e-08	3.58171e-10
17.5879	1.22485e-08	2.25926e-10
17.7889	9.0459e-09	1.41756e-10
17.9899	6.67004e-09	8.84746e-11
18.191	4.90961e-09	5.4928e-11
18.392	3.60636e-09	3.3921e-11
18.593	2.64196e-09	2.08374e-11
18.794	1.92793e-09	1.27326e-11
18.995	1.39811e-09	7.73914e-12
19.196	1.00291e-09	4.67915e-12
19.397	7.04963e-10	2.81411e-12
19.598	4.75816e-10	1.6835e-12
19.799	2.93348e-10	1.00181e-12
20	1.39773e-10	5.93007e-13
