-20	4.73274e-10	6.87123e-12
-19.799	9.8891e-10	1.1042e-11
-19.598	1.59283e-09	1.76595e-11
-19.397	2.33834e-09	2.8108e-11
-19.196	3.29053e-09	4.45247e-11
-18.995	4.5316e-09	7.01923e-11
-18.794	6.16744e-09	1.10128e-10
-18.593	8.33605e-09	1.71959e-10
-18.392	1.12183e-08	2.67222e-10
-18.191	1.5052e-08	4.13273e-10
-17.9899	2.01497e-08	6.36094e-10
-17.7889	2.69224e-08	9.74373e-10
-17.5879	3.59099e-08	1.48541e-09
-17.3869	4.78202e-08	2.25366e-09
-17.1859	6.35801e-08	3.40291e-09
-16.9849	8.4401e-08	5.11364e-09
-16.7839	1.11863e-07	7.64766e-09
-16.5829	1.48025e-07	1.13827e-08
-16.3819	1.9556e-07	1.6861e-08
-16.1809	2.57935e-07	2.48565e-08
-15.9799	3.39639e-07	3.64682e-08
-15.7789	4.46465e-07	5.32487e-08
-15.5779	5.85878e-07	7.73788e-08
-15.3769	7.67477e-07	1.11906e-07
-15.1759	1.00357e-06	1.61067e-07
-14.9749	1.30991e-06	2.30715e-07
-14.7739	1.70659e-06	3.28901e-07
-14.5729	2.21923e-06	4.66631e-07
-14.3719	2.88033e-06	6.58873e-07
-14.1709	3.73109e-06	9.25866e-07
-13.9698	4.82356e-06	1.29483e-06
-13.7688	6.22332e-06	1.80218e-06
-13.5678	8.01279e-06	2.49633e-06
-13.3668	1.02952e-05	3.44132e-06
-13.1658	1.31997e-05	4.72136e-06
-12.9648	1.68868e-05	6.44656e-06
-12.7638	2.15562e-05	8.76009e-06
-12.5628	2.74549e-05	1.1847e-05
-12.3618	3.48878e-05	1.5945e-05
-12.1608	4.42297e-05	2.13581e-05
-11.9598	5.59402e-05	2.84721e-05
-11.7588	7.05803e-05	3.77741e-05
-11.5578	8.8833e-05	4.98757e-05
-11.3568	0.000111526	6.55394e-05
-11.1558	0.00013966	8.57107e-05
-10.9548	0.000174436	0.000111554
-10.7538	0.000217297	0.000144497
-10.5528	0.00026996	0.000186272
-10.3518	0.000334468	0.000238977
-10.1508	0.000413236	0.000305129
-9.94975	0.000509105	0.000387731
-9.74874	0.000625402	0.000490339
-9.54774	0.000766006	0.000617137
-9.34673	0.000935413	0.000773011
-9.14573	0.00113881	0.000963627
-8.94472	0.00138213	0.0011955
-8.74372	0.00167214	0.00147609
-8.54271	0.00201652	0.00181381
-8.34171	0.00242389	0.00221816
-8.1407	0.00290388	0.00269967
-7.9397	0.00346718	0.00327001
-7.73869	0.00412553	0.00394189
-7.53769	0.00489175	0.00472912
-7.33668	0.0057797	0.00564645
-7.13568	0.00680421	0.00670949
-6.93467	0.00798099	0.00793455
-6.73367	0.00932644	0.00933843
-6.53266	0.0108575	0.0109382
-6.33166	0.0125915	0.0127507
-6.13065	0.0145454	0.0147926
-5.92965	0.0167362	0.0170794
-5.72864	0.0191797	0.0196254
-5.52764	0.0218906	0.0224432
-5.32663	0.0248816	0.025543
-5.12563	0.0281632	0.0289318
-4.92462	0.0317425	0.0326136
-4.72362	0.0356234	0.0365882
-4.52261	0.0398051	0.040851
-4.32161	0.0442824	0.0453925
-4.1206	0.0490442	0.0501977
-3.9196	0.054074	0.0552462
-3.71859	0.0593488	0.0605118
-3.51759	0.0648391	0.0659625
-3.31658	0.070509	0.0715604
-3.11558	0.076316	0.0772623
-2.91457	0.0822113	0.0830199
-2.71357	0.0881405	0.08878
-2.51256	0.094044	0.094486
-2.31156	0.0998579	0.100078
-2.11055	0.105515	0.105494
-1.90955	0.110947	0.110672
-1.70854	0.116084	0.115549
-1.50754	0.120858	0.120064
-1.30653	0.125202	0.12416
-1.10553	0.129055	0.127781
-0.904523	0.132359	0.130879
-0.703518	0.135066	0.133412
-0.502513	0.137134	0.135344
-0.301508	0.138531	0.136647
-0.100503	0.139235	0.137303
0.100503	0.139235	0.137303
0.301508	0.138531	0.136647
0.502513	0.137134	0.135344
0.703518	0.135066	0.133412
0.904523	0.132359	0.130879
1.10553	0.129055	0.127781
1.30653	0.125202	0.12416
1.50754	0.120858	0.120064
1.70854	0.116084	0.115549
1.90955	0.110947	0.110672
2.11055	0.105515	0.105494
2.31156	0.0998579	0.100078
2.51256	0.094044	0.094486
2.71357	0.0881405	0.08878
2.91457	0.0822113	0.0830199
3.11558	0.076316	0.0772623
3.31658	0.070509	0.0715604
3.51759	0.0648391	0.0659625
3.71859	0.0593488	0.0605118
3.9196	0.054074	0.0552462
4.1206	0.0490442	0.0501977
4.32161	0.0442824	0.0453925
4.52261	0.0398051	0.040851
4.72362	0.0356234	0.0365882
4.92462	0.0317425	0.0326136
5.12563	0.0281632	0.0289318
5.32663	0.0248816	0.025543
5.52764	0.0218906	0.0224432
5.72864	0.0191797	0.0196254
5.92965	0.0167362	0.0170794
6.13065	0.0145454	0.0147926
6.33166	0.0125915	0.0127507
6.53266	0.0108575	0.0109382
6.73367	0.00932644	0.00933843
6.93467	0.00798099	0.00793455
7.13568	0.00680421	0.00670949
7.33668	0.0057797	0.00564645
7.53769	0.00489175	0.00472912
7.73869	0.00412553	0.00394189
7.9397	0.00346718	0.00327001
8.1407	0.00290388	0.00269967
8.34171	0.00242389	0.00221816
8.54271	0.00201652	0.00181381
8.74372	0.00167214	0.00147609
8.94472	0.00138213	0.0011955
9.14573	0.00113881	0.000963627
9.34673	0.000935413	0.000773011
9.54774	0.000766006	0.000617137
9.74874	0.000625402	0.000490339
9.94975	0.000509105	0.000387731
10.1508	0.000413236	0.000305129
10.3518	0.000334468	0.000238977
10.5528	0.00026996	0.000186272
10.7538	0.000217297	0.000144497
10.9548	0.000174436	0.000111554
11.1558	0.00013966	8.57107e-05
11.3568	0.000111526	6.55394e-05
11.5578	8.8833e-05	4.98757e-05
11.7588	7.05803e-05	3.77741e-05
11.9598	5.59402e-05	2.84721e-05
12.1608	4.42297e-05	2.13581e-05
12.3618	3.48878e-05	1.5945e-05
12.5628	2.74549e-05	1.1847e-05
12.7638	2.15562e-05	8.76009e-06
12.9648	1.68868e-05	6.44656e-06
13.1658	1.31997e-05	4.72136e-06
13.3668	1.02952e-05	3.44132e-06
13.5678	8.01279e-06	2.49633e-06
13.7688	6.22332e-06	1.80218e-06
13.9698	4.82356e-06	1.29483e-06
14.1709	3.73109e-06	9.25866e-07
14.3719	2.88033e-06	6.58873e-07
14.5729	2.21923e-06	4.66631e-07
14.7739	1.70659e-06	3.28901e-07
14.9749	1.30991e-06	2.30715e-07
15.1759	1.00357e-06	1.61067e-07
15.3769	7.67477e-07	1.11906e-07
15.5779	5.85878e-07	7.73788e-08
15.7789	4.46465e-07	5.32487e-08
15.9799	3.39639e-07	3.64682e-08
16.1809	2.57935e-07	2.48565e-08
16.3819	1.9556e-07	1.6861e-08
16.5829	1.48025e-07	1.13827e-08
16.7839	1.11863e-07	7.64766e-09
16.9849	8.4401e-08	5.11364e-09
17.1859	6.35801e-08	3.40291e-09
17.3869	4.78202e-08	2.25366e-09
17.5879	3.59099e-08	1.48541e-09
17.7889	2.69224e-08	9.74373e-10
17.9899	2.01497e-08	6.36094e-10
18.191	1.5052e-08	4.13273e-10
18.392	1.12183e-08	2.67222e-10
18.593	8.33605e-09	1.71959e-10
18.794	6.16744e-09	1.10128e-10
18.995	4.5316e-09	7.01923e-11
19.196	3.29053e-09	4.45247e-11
19.397	2.33834e-09	2.8108e-11
19.598	1.59283e-09	1.76595e-11
19.799	9.8891e-10	1.1042e-11
20	4.73274e-10	6.87123e-12
