-20	1.38119e-09	5.17563e-11
-19.799	2.87474e-09	7.98073e-11
-19.598	4.60149e-09	1.22524e-10
-19.397	6.69984e-09	1.87284e-10
-19.196	9.33601e-09	2.85024e-10
-18.995	1.27162e-08	4.31879e-10
-18.794	1.71016e-08	6.51542e-10
-18.593	2.28264e-08	9.78639e-10
-18.392	3.03221e-08	1.46354e-09
-18.191	4.01462e-08	2.17914e-09
-17.9899	5.30204e-08	3.23047e-09
-17.7889	6.98789e-08	4.76812e-09
-17.5879	9.19296e-08	7.00694e-09
-17.3869	1.20732e-07	1.0252e-08
-17.1859	1.58296e-07	1.49345e-08
-16.9849	2.07209e-07	2.16608e-08
-16.7839	2.70793e-07	3.12793e-08
-16.5829	3.53306e-07	4.49717e-08
-16.3819	4.60196e-07	6.43757e-08
-16.1809	5.98416e-07	9.17498e-08
-15.9799	7.7682e-07	1.30193e-07
-15.7789	1.00666e-06	1.83938e-07
-15.5779	1.30221e-06	2.58735e-07
-15.3769	1.68152e-06	3.62359e-07
-15.1759	2.16736e-06	5.0527e-07
-14.9749	2.78842e-06	7.01468e-07
-14.7739	3.58071e-06	9.69599e-07
-14.5729	4.58934e-06	1.33437e-06
-14.3719	5.87068e-06	1.82836e-06
-14.1709	7.49497e-06	2.49429e-06
-13.9698	9.5495e-06	3.38791e-06
-13.7688	1.21425e-05	4.58161e-06
-13.5678	1.54075e-05	6.16884e-06
-13.3668	1.95094e-05	8.2697e-06
-13.1658	2.46505e-05	1.10376e-05
-12.9648	3.10787e-05	1.46677e-05
-12.7638	3.90967e-05	1.94066e-05
-12.5628	4.90728e-05	2.55644e-05
-12.3618	6.14537e-05	3.35292e-05
-12.1608	7.67798e-05	4.37834e-05
-11.9598	9.57018e-05	5.69242e-05
-11.7588	0.000119001	7.3686e-05
-11.5578	0.000147612	9.4967e-05
-11.3568	0.000182648	0.00012186
-11.1558	0.000225431	0.000155686
-10.9548	0.000277523	0.000198033
-10.7538	0.000340764	0.000250799
-10.5528	0.000417311	0.000316239
-10.3518	0.000509678	0.000397012
-10.1508	0.000620792	0.000496242
-9.94975	0.000754031	0.000617565
-9.74874	0.000913286	0.000765196
-9.54774	0.00110301	0.00094398
-9.34673	0.00132827	0.00115945
-9.14573	0.00159481	0.00141789
-8.94472	0.00190908	0.00172637
-8.74372	0.00227833	0.00209278
-8.54271	0.00271057	0.0025259
-8.34171	0.00321469	0.00303534
-8.1407	0.00380041	0.0036316
-7.9397	0.00447829	0.00432603
-7.73869	0.00525975	0.00513076
-7.53769	0.00615699	0.00605862
-7.33668	0.00718289	0.00712305
-7.13568	0.008351	0.00833793
-6.93467	0.00967529	0.00971742
-6.73367	0.01117	0.0112757
-6.53266	0.0128496	0.0130268
-6.33166	0.0147282	0.0149841
-6.13065	0.0168194	0.0171603
-5.92965	0.0191362	0.0195667
-5.72864	0.02169	0.0222132
-5.52764	0.024491	0.0251076
-5.32663	0.027547	0.0282553
-5.12563	0.0308635	0.0316588
-4.92462	0.0344426	0.0353174
-4.72362	0.0382834	0.0392269
-4.52261	0.0423808	0.043379
-4.32161	0.0467255	0.0477611
-4.1206	0.0513034	0.0523565
-3.9196	0.0560956	0.0571434
-3.71859	0.061078	0.0620958
-3.51759	0.0662215	0.0671829
-3.31658	0.0714914	0.0723694
-3.11558	0.0768486	0.077616
-2.91457	0.0822489	0.0828797
-2.71357	0.087644	0.0881141
-2.51256	0.0929823	0.0932702
-2.31156	0.0982091	0.098297
-2.11055	0.103268	0.103143
-1.90955	0.108101	0.107755
-1.70854	0.112651	0.112081
-1.50754	0.116862	0.116073
-1.30653	0.120681	0.119683
-1.10553	0.124057	0.122865
-0.904523	0.126945	0.125582
-0.703518	0.129306	0.127799
-0.502513	0.131106	0.129487
-0.301508	0.132321	0.130625
-0.100503	0.132932	0.131198
0.100503	0.132932	0.131198
0.301508	0.132321	0.130625
0.502513	0.131106	0.129487
0.703518	0.129306	0.127799
0.904523	0.126945	0.125582
1.10553	0.124057	0.122865
1.30653	0.120681	0.119683
1.50754	0.116862	0.116073
1.70854	0.112651	0.112081
1.90955	0.108101	0.107755
2.11055	0.103268	0.103143
2.31156	0.0982091	0.098297
2.51256	0.0929823	0.0932702
2.71357	0.087644	0.0881141
2.91457	0.0822489	0.0828797
3.11558	0.0768486	0.077616
3.31658	0.0714914	0.0723694
3.51759	0.0662215	0.0671829
3.71859	0.061078	0.0620958
3.9196	0.0560956	0.0571434
4.1206	0.0513034	0.0523565
4.32161	0.0467255	0.0477611
4.52261	0.0423808	0.043379
4.72362	0.0382834	0.0392269
4.92462	0.0344426	0.0353174
5.12563	0.0308635	0.0316588
5.32663	0.027547	0.0282553
5.52764	0.024491	0.0251076
5.72864	0.02169	0.0222132
5.92965	0.0191362	0.0195667
6.13065	0.0168194	0.0171603
6.33166	0.0147282	0.0149841
6.53266	0.0128496	0.0130268
6.73367	0.01117	0.0112757
6.93467	0.00967529	0.00971742
7.13568	0.008351	0.00833793
7.33668	0.00718289	0.00712305
7.53769	0.00615699	0.00605862
7.73869	0.00525975	0.00513076
7.9397	0.00447829	0.00432603
8.1407	0.00380041	0.0036316
8.34171	0.00321469	0.00303534
8.54271	0.00271057	0.0025259
8.74372	0.00227833	0.00209278
8.94472	0.00190908	0.00172637
9.14573	0.00159481	0.00141789
9.34673	0.00132827	0.00115945
9.54774	0.00110301	0.00094398
9.74874	0.000913286	0.000765196
9.94975	0.000754031	0.000617565
10.1508	0.000620792	0.000496242
10.3518	0.000509678	0.000397012
10.5528	0.000417311	0.000316239
10.7538	0.000340764	0.000250799
10.9548	0.000277523	0.000198033
11.1558	0.000225431	0.000155686
11.3568	0.000182648	0.00012186
11.5578	0.000147612	9.4967e-05
11.7588	0.000119001	7.3686e-05
11.9598	9.57018e-05	5.69242e-05
12.1608	7.67798e-05	4.37834e-05
12.3618	6.14537e-05	3.35292e-05
12.5628	4.90728e-05	2.55644e-05
12.7638	3.90967e-05	1.94066e-05
12.9648	3.10787e-05	1.46677e-05
13.1658	2.46505e-05	1.10376e-05
13.3668	1.95094e-05	8.2697e-06
13.5678	1.54075e-05	6.16884e-06
13.7688	1.21425e-05	4.58161e-06
13.9698	9.5495e-06	3.38791e-06
14.1709	7.49497e-06	2.49429e-06
14.3719	5.87068e-06	1.82836e-06
14.5729	4.58934e-06	1.33437e-06
14.7739	3.58071e-06	9.69599e-07
14.9749	2.78842e-06	7.01468e-07
15.1759	2.16736e-06	5.0527e-07
15.3769	1.68152e-06	3.62359e-07
15.5779	1.30221e-06	2.58735e-07
15.7789	1.00666e-06	1.83938e-07
15.9799	7.7682e-07	1.30193e-07
16.1809	5.98416e-07	9.17498e-08
16.3819	4.60196e-07	6.43757e-08
16.5829	3.53306e-07	4.49717e-08
16.7839	2.70793e-07	3.12793e-08
16.9849	2.07209e-07	2.16608e-08
17.1859	1.58296e-07	1.49345e-08
17.3869	1.20732e-07	1.0252e-08
17.5879	9.19296e-08	7.00694e-09
17.7889	6.98789e-08	4.76812e-09
17.9899	5.30204e-08	3.23047e-09
18.191	4.01462e-08	2.17914e-09
18.392	3.03221e-08	1.46354e-09
18.593	2.28264e-08	9.78639e-10
18.794	1.71016e-08	6.51542e-10
18.995	1.27162e-08	4.31879e-10
19.196	9.33601e-09	2.85024e-10
19.397	6.69984e-09	1.87284e-10
19.598	4.60149e-09	1.22524e-10
19.799	2.87474e-09	7.98073e-11
20	1.38119e-09	5.17563e-11
